1,-8.5747,41.1427,-8.5747,41.1427
2,-8.5748,41.1428,-8.5748,41.1428
3,-8.5749,41.1428,-8.5749,41.1428
4,-8.5755,41.1430,-8.5755,41.1430
5,-8.5759,41.1433,-8.5759,41.1433
6,-8.5754,41.1437,-8.5754,41.1437
7,-8.5751,41.1439,-8.5751,41.1439
8,-8.5737,41.1440,-8.5737,41.1440
9,-8.5740,41.1440,-8.5740,41.1440
10,-8.5762,41.1442,-8.5762,41.1442
11,-8.5780,41.1451,-8.5780,41.1451
12,-8.5788,41.1459,-8.5788,41.1459
13,-8.5798,41.1465,-8.5798,41.1465
14,-8.5813,41.1479,-8.5813,41.1479
15,-8.5803,41.1477,-8.5803,41.1477
16,-8.5811,41.1456,-8.5811,41.1456
17,-8.5810,41.1428,-8.5810,41.1428
18,-8.5809,41.1400,-8.5809,41.1400
19,-8.5804,41.1370,-8.5804,41.1370
20,-8.5773,41.1346,-8.5773,41.1346
21,-8.5763,41.1315,-8.5763,41.1315
22,-8.5754,41.1283,-8.5754,41.1283
23,-8.5739,41.1250,-8.5739,41.1250
24,-8.5728,41.1215,-8.5728,41.1215
25,-8.5720,41.1175,-8.5720,41.1175
26,-8.5701,41.1142,-8.5701,41.1142
27,-8.5672,41.1110,-8.5672,41.1110
28,-8.5656,41.1071,-8.5656,41.1071
29,-8.5670,41.1036,-8.5670,41.1036
30,-8.5699,41.1007,-8.5699,41.1007
31,-8.5726,41.0977,-8.5726,41.0977
32,-8.5735,41.0941,-8.5735,41.0941
33,-8.5750,41.0907,-8.5750,41.0907
34,-8.5759,41.0870,-8.5759,41.0870
35,-8.5754,41.0834,-8.5754,41.0834
36,-8.5760,41.0798,-8.5760,41.0798
37,-8.5784,41.0767,-8.5784,41.0767
38,-8.5808,41.0735,-8.5808,41.0735
39,-8.5821,41.0695,-8.5821,41.0695
40,-8.5810,41.0651,-8.5810,41.0651
41,-8.5793,41.0615,-8.5793,41.0615
42,-8.5782,41.0577,-8.5782,41.0577
43,-8.5759,41.0542,-8.5759,41.0542
44,-8.5724,41.0511,-8.5724,41.0511
45,-8.5711,41.0469,-8.5711,41.0469
46,-8.5702,41.0425,-8.5702,41.0425
47,-8.5706,41.0379,-8.5706,41.0379
48,-8.5722,41.0335,-8.5722,41.0335
49,-8.5722,41.0291,-8.5722,41.0291
50,-8.5750,41.0251,-8.5750,41.0251
51,-8.5792,41.0217,-8.5792,41.0217
52,-8.5815,41.0183,-8.5815,41.0183
53,-8.5822,41.0164,-8.5822,41.0164
54,-8.5828,41.0132,-8.5828,41.0132
55,-8.5826,41.0093,-8.5826,41.0093
56,-8.5824,41.0050,-8.5824,41.0050
57,-8.5834,41.0005,-8.5834,41.0005
58,-8.5841,40.9962,-8.5841,40.9962
59,-8.5858,40.9920,-8.5858,40.9920
60,-8.5846,40.9877,-8.5846,40.9877
61,-8.5808,40.9845,-8.5808,40.9845
62,-8.5772,40.9809,-8.5772,40.9809
63,-8.5758,40.9763,-8.5758,40.9763
64,-8.5727,40.9722,-8.5727,40.9722
65,-8.5697,40.9680,-8.5697,40.9680
66,-8.5676,40.9635,-8.5676,40.9635
67,-8.5693,40.9588,-8.5693,40.9588
68,-8.5724,40.9546,-8.5724,40.9546
69,-8.5728,40.9500,-8.5728,40.9500
70,-8.5742,40.9456,-8.5742,40.9456
71,-8.5743,40.9410,-8.5743,40.9410
72,-8.5730,40.9365,-8.5730,40.9365
73,-8.5709,40.9324,-8.5709,40.9324
74,-8.5690,40.9284,-8.5690,40.9284
75,-8.5679,40.9241,-8.5679,40.9241
76,-8.5677,40.9193,-8.5677,40.9193
77,-8.5680,40.9145,-8.5680,40.9145
78,-8.5676,40.9096,-8.5676,40.9096
79,-8.5669,40.9048,-8.5669,40.9048
80,-8.5675,40.9000,-8.5675,40.9000
81,-8.5685,40.8952,-8.5685,40.8952
82,-8.5682,40.8903,-8.5682,40.8903
83,-8.5659,40.8860,-8.5659,40.8860
84,-8.5620,40.8824,-8.5620,40.8824
85,-8.5607,40.8778,-8.5607,40.8778
86,-8.5603,40.8729,-8.5603,40.8729
87,-8.5597,40.8682,-8.5597,40.8682
88,-8.5583,40.8635,-8.5583,40.8635
89,-8.5562,40.8590,-8.5562,40.8590
90,-8.5556,40.8543,-8.5556,40.8543
91,-8.5574,40.8497,-8.5574,40.8497
92,-8.5570,40.8448,-8.5570,40.8448
93,-8.5552,40.8401,-8.5552,40.8401
94,-8.5549,40.8352,-8.5549,40.8352
95,-8.5546,40.8302,-8.5546,40.8302
96,-8.5535,40.8256,-8.5535,40.8256
97,-8.5517,40.8211,-8.5517,40.8211
98,-8.5496,40.8166,-8.5496,40.8166
99,-8.5484,40.8120,-8.5484,40.8120
100,-8.5482,40.8074,-8.5482,40.8074
101,-8.5487,40.8029,-8.5487,40.8029
102,-8.5493,40.7983,-8.5493,40.7983
103,-8.5496,40.7937,-8.5496,40.7937
104,-8.5483,40.7891,-8.5483,40.7891
105,-8.5460,40.7848,-8.5460,40.7848
106,-8.5443,40.7805,-8.5443,40.7805
107,-8.5435,40.7761,-8.5435,40.7761
108,-8.5436,40.7716,-8.5436,40.7716
109,-8.5435,40.7672,-8.5435,40.7672
110,-8.5413,40.7633,-8.5413,40.7633
111,-8.5389,40.7598,-8.5389,40.7598
112,-8.5365,40.7561,-8.5365,40.7561
113,-8.5341,40.7524,-8.5341,40.7524
114,-8.5313,40.7486,-8.5313,40.7486
115,-8.5286,40.7449,-8.5286,40.7449
116,-8.5262,40.7410,-8.5262,40.7410
117,-8.5245,40.7370,-8.5245,40.7370
118,-8.5231,40.7325,-8.5231,40.7325
119,-8.5224,40.7280,-8.5224,40.7280
120,-8.5222,40.7235,-8.5222,40.7235
121,-8.5225,40.7192,-8.5225,40.7192
122,-8.5223,40.7152,-8.5223,40.7152
123,-8.5217,40.7112,-8.5217,40.7112
124,-8.5219,40.7070,-8.5219,40.7070
125,-8.5226,40.7030,-8.5226,40.7030
126,-8.5232,40.6986,-8.5232,40.6986
127,-8.5228,40.6942,-8.5228,40.6942
128,-8.5217,40.6901,-8.5217,40.6901
129,-8.5198,40.6862,-8.5198,40.6862
130,-8.5186,40.6821,-8.5186,40.6821
131,-8.5196,40.6776,-8.5196,40.6776
132,-8.5193,40.6732,-8.5193,40.6732
133,-8.5173,40.6689,-8.5173,40.6689
134,-8.5151,40.6648,-8.5151,40.6648
135,-8.5149,40.6604,-8.5149,40.6604
136,-8.5176,40.6563,-8.5176,40.6563
137,-8.5187,40.6520,-8.5187,40.6520
138,-8.5196,40.6474,-8.5196,40.6474
139,-8.5226,40.6432,-8.5226,40.6432
140,-8.5247,40.6387,-8.5247,40.6387
141,-8.5273,40.6345,-8.5273,40.6345
142,-8.5312,40.6312,-8.5312,40.6312
143,-8.5350,40.6278,-8.5350,40.6278
144,-8.5371,40.6236,-8.5371,40.6236
145,-8.5395,40.6195,-8.5395,40.6195
146,-8.5426,40.6158,-8.5426,40.6158
147,-8.5462,40.6124,-8.5462,40.6124
148,-8.5492,40.6086,-8.5492,40.6086
149,-8.5514,40.6046,-8.5514,40.6046
150,-8.5548,40.6009,-8.5548,40.6009
151,-8.5581,40.5982,-8.5581,40.5982
152,-8.5605,40.5946,-8.5605,40.5946
153,-8.5611,40.5905,-8.5611,40.5905
154,-8.5602,40.5859,-8.5602,40.5859
155,-8.5609,40.5815,-8.5609,40.5815
156,-8.5619,40.5771,-8.5619,40.5771
157,-8.5609,40.5727,-8.5609,40.5727
158,-8.5605,40.5682,-8.5605,40.5682
159,-8.5613,40.5636,-8.5613,40.5636
160,-8.5613,40.5591,-8.5613,40.5591
161,-8.5604,40.5548,-8.5604,40.5548
162,-8.5601,40.5506,-8.5601,40.5506
163,-8.5616,40.5463,-8.5616,40.5463
164,-8.5619,40.5420,-8.5619,40.5420
165,-8.5596,40.5380,-8.5596,40.5380
166,-8.5566,40.5338,-8.5566,40.5338
167,-8.5546,40.5292,-8.5546,40.5292
168,-8.5530,40.5248,-8.5530,40.5248
169,-8.5503,40.5207,-8.5503,40.5207
170,-8.5465,40.5170,-8.5465,40.5170
171,-8.5416,40.5140,-8.5416,40.5140
172,-8.5369,40.5111,-8.5369,40.5111
173,-8.5335,40.5074,-8.5335,40.5074
174,-8.5317,40.5031,-8.5317,40.5031
175,-8.5312,40.4986,-8.5312,40.4986
176,-8.5295,40.4943,-8.5295,40.4943
177,-8.5266,40.4905,-8.5266,40.4905
178,-8.5241,40.4868,-8.5241,40.4868
179,-8.5226,40.4833,-8.5226,40.4833
180,-8.5218,40.4794,-8.5218,40.4794
181,-8.5217,40.4750,-8.5217,40.4750
182,-8.5217,40.4705,-8.5217,40.4705
183,-8.5209,40.4660,-8.5209,40.4660
184,-8.5194,40.4616,-8.5194,40.4616
185,-8.5181,40.4571,-8.5181,40.4571
186,-8.5177,40.4525,-8.5177,40.4525
187,-8.5175,40.4480,-8.5175,40.4480
188,-8.5162,40.4437,-8.5162,40.4437
189,-8.5136,40.4398,-8.5136,40.4398
190,-8.5099,40.4363,-8.5099,40.4363
191,-8.5059,40.4331,-8.5059,40.4331
192,-8.5023,40.4297,-8.5023,40.4297
193,-8.4995,40.4259,-8.4995,40.4259
194,-8.4975,40.4219,-8.4975,40.4219
195,-8.4962,40.4176,-8.4962,40.4176
196,-8.4945,40.4133,-8.4945,40.4133
197,-8.4922,40.4089,-8.4922,40.4089
198,-8.4913,40.4040,-8.4913,40.4040
199,-8.4910,40.3995,-8.4910,40.3995
200,-8.4896,40.3949,-8.4896,40.3949
201,-8.4890,40.3901,-8.4890,40.3901
202,-8.4897,40.3853,-8.4897,40.3853
203,-8.4917,40.3808,-8.4917,40.3808
204,-8.4932,40.3759,-8.4932,40.3759
205,-8.4936,40.3707,-8.4936,40.3707
206,-8.4929,40.3657,-8.4929,40.3657
207,-8.4926,40.3610,-8.4926,40.3610
208,-8.4940,40.3560,-8.4940,40.3560
209,-8.4949,40.3509,-8.4949,40.3509
210,-8.4952,40.3460,-8.4952,40.3460
211,-8.4957,40.3412,-8.4957,40.3412
212,-8.4946,40.3367,-8.4946,40.3367
213,-8.4937,40.3337,-8.4937,40.3337
214,-8.4945,40.3334,-8.4945,40.3334
215,-8.4945,40.3334,-8.4945,40.3334
216,-8.4945,40.3335,-8.4945,40.3335
217,-8.4945,40.3335,-8.4945,40.3335
218,-8.4945,40.3335,-8.4945,40.3335
219,-8.4945,40.3335,-8.4945,40.3335
220,-8.4945,40.3335,-8.4945,40.3335
221,-8.4945,40.3334,-8.4945,40.3334
222,-8.4945,40.3335,-8.4945,40.3335
223,-8.4945,40.3335,-8.4945,40.3335
224,-8.4945,40.3335,-8.4945,40.3335
225,-8.4945,40.3335,-8.4945,40.3335
226,-8.4945,40.3335,-8.4945,40.3335
227,-8.4945,40.3335,-8.4945,40.3335
228,-8.4945,40.3335,-8.4945,40.3335
229,-8.4945,40.3335,-8.4945,40.3335
230,-8.4945,40.3335,-8.4945,40.3335
231,-8.4945,40.3335,-8.4945,40.3335
232,-8.4945,40.3335,-8.4945,40.3335
233,-8.4945,40.3335,-8.4945,40.3335
234,-8.4945,40.3335,-8.4945,40.3335
235,-8.4945,40.3335,-8.4945,40.3335
236,-8.4945,40.3335,-8.4945,40.3335
237,-8.4944,40.3333,-8.4944,40.3333
238,-8.4942,40.3330,-8.4942,40.3330
239,-8.4939,40.3325,-8.4939,40.3325
240,-8.4933,40.3321,-8.4933,40.3321
241,-8.4928,40.3306,-8.4928,40.3306
242,-8.4927,40.3271,-8.4927,40.3271
243,-8.4923,40.3231,-8.4923,40.3231
244,-8.4908,40.3190,-8.4908,40.3190
245,-8.4897,40.3150,-8.4897,40.3150
246,-8.4894,40.3109,-8.4894,40.3109
247,-8.4882,40.3074,-8.4882,40.3074
248,-8.4866,40.3037,-8.4866,40.3037
249,-8.4861,40.2994,-8.4861,40.2994
250,-8.4858,40.2953,-8.4858,40.2953
251,-8.4842,40.2914,-8.4842,40.2914
252,-8.4814,40.2881,-8.4814,40.2881
253,-8.4785,40.2850,-8.4785,40.2850
254,-8.4774,40.2810,-8.4774,40.2810
255,-8.4788,40.2770,-8.4788,40.2770
256,-8.4813,40.2739,-8.4813,40.2739
257,-8.4835,40.2721,-8.4835,40.2721
258,-8.4821,40.2727,-8.4821,40.2727
259,-8.4785,40.2724,-8.4785,40.2724
260,-8.4747,40.2712,-8.4747,40.2712
261,-8.4718,40.2706,-8.4718,40.2706
262,-8.4679,40.2698,-8.4679,40.2698
263,-8.4634,40.2698,-8.4634,40.2698
264,-8.4587,40.2704,-8.4587,40.2704
265,-8.4540,40.2703,-8.4540,40.2703
266,-8.4493,40.2712,-8.4493,40.2712
267,-8.4455,40.2716,-8.4455,40.2716
268,-8.4439,40.2699,-8.4439,40.2699
269,-8.4430,40.2668,-8.4430,40.2668
270,-8.4427,40.2633,-8.4427,40.2633
271,-8.4437,40.2599,-8.4437,40.2599
272,-8.4434,40.2566,-8.4434,40.2566
273,-8.4431,40.2532,-8.4431,40.2532
274,-8.4427,40.2496,-8.4427,40.2496
275,-8.4413,40.2462,-8.4413,40.2462
276,-8.4394,40.2429,-8.4394,40.2429
277,-8.4375,40.2397,-8.4375,40.2397
278,-8.4363,40.2362,-8.4363,40.2362
279,-8.4357,40.2326,-8.4357,40.2326
280,-8.4351,40.2293,-8.4351,40.2293
281,-8.4363,40.2263,-8.4363,40.2263
282,-8.4385,40.2238,-8.4385,40.2238
283,-8.4398,40.2218,-8.4398,40.2218
284,-8.4391,40.2203,-8.4391,40.2203
285,-8.4389,40.2199,-8.4389,40.2199
286,-8.4390,40.2199,-8.4390,40.2199
287,-8.4390,40.2198,-8.4390,40.2198
288,-8.4389,40.2198,-8.4389,40.2198
289,-8.4391,40.2191,-8.4391,40.2191
290,-8.4385,40.2174,-8.4385,40.2174
291,-8.4395,40.2160,-8.4395,40.2160
292,-8.4418,40.2148,-8.4418,40.2148
293,-8.4428,40.2156,-8.4428,40.2156
294,-8.4416,40.2141,-8.4416,40.2141
295,-8.4406,40.2122,-8.4406,40.2122
296,-8.4405,40.2118,-8.4405,40.2118
297,-8.4401,40.2108,-8.4401,40.2108
298,-8.4390,40.2091,-8.4390,40.2091
299,-8.4380,40.2077,-8.4380,40.2077
300,-8.4371,40.2065,-8.4371,40.2065
301,-8.4361,40.2053,-8.4361,40.2053
302,-8.4353,40.2041,-8.4353,40.2041
303,-8.4352,40.2032,-8.4352,40.2032
304,-8.4344,40.2031,-8.4344,40.2031
305,-8.4343,40.2029,-8.4343,40.2029
306,-8.4343,40.2029,-8.4343,40.2029
307,-8.4343,40.2029,-8.4343,40.2029
308,-8.4343,40.2029,-8.4343,40.2029
309,-8.4343,40.2030,-8.4343,40.2030
310,-8.4344,40.2030,-8.4344,40.2030
311,-8.4344,40.2030,-8.4344,40.2030
312,-8.4344,40.2030,-8.4344,40.2030
313,-8.4344,40.2030,-8.4344,40.2030
314,-8.4343,40.2029,-8.4343,40.2029
315,-8.4343,40.2029,-8.4343,40.2029
316,-8.4343,40.2029,-8.4343,40.2029
317,-8.4343,40.2030,-8.4343,40.2030
318,-8.4344,40.2030,-8.4344,40.2030
319,-8.4344,40.2030,-8.4344,40.2030
320,-8.4343,40.2029,-8.4343,40.2029
321,-8.4343,40.2029,-8.4343,40.2029
322,-8.4343,40.2029,-8.4343,40.2029
323,-8.4343,40.2029,-8.4343,40.2029
324,-8.4343,40.2030,-8.4343,40.2030
325,-8.4344,40.2030,-8.4344,40.2030
326,-8.4344,40.2030,-8.4344,40.2030
327,-8.4343,40.2030,-8.4343,40.2030
328,-8.4343,40.2030,-8.4343,40.2030
329,-8.4343,40.2030,-8.4343,40.2030
330,-8.4343,40.2030,-8.4343,40.2030
331,-8.4343,40.2029,-8.4343,40.2029
332,-8.4343,40.2029,-8.4343,40.2029
333,-8.4343,40.2029,-8.4343,40.2029
334,-8.4343,40.2029,-8.4343,40.2029
335,-8.4343,40.2029,-8.4343,40.2029
336,-8.4343,40.2029,-8.4343,40.2029
337,-8.4343,40.2029,-8.4343,40.2029
338,-8.4343,40.2029,-8.4343,40.2029
339,-8.4343,40.2029,-8.4343,40.2029
340,-8.4343,40.2030,-8.4343,40.2030
341,-8.4343,40.2030,-8.4343,40.2030
342,-8.4343,40.2029,-8.4343,40.2029
343,-8.4343,40.2029,-8.4343,40.2029
344,-8.4343,40.2029,-8.4343,40.2029
345,-8.4343,40.2029,-8.4343,40.2029
346,-8.4343,40.2029,-8.4343,40.2029
347,-8.4343,40.2029,-8.4343,40.2029
348,-8.4343,40.2029,-8.4343,40.2029
349,-8.4343,40.2029,-8.4343,40.2029
350,-8.4343,40.2029,-8.4343,40.2029
351,-8.4343,40.2029,-8.4343,40.2029
352,-8.4343,40.2029,-8.4343,40.2029
353,-8.4343,40.2028,-8.4343,40.2028
354,-8.4343,40.2028,-8.4343,40.2028
355,-8.4343,40.2029,-8.4343,40.2029
356,-8.4343,40.2029,-8.4343,40.2029
357,-8.4344,40.2029,-8.4344,40.2029
358,-8.4344,40.2029,-8.4344,40.2029
359,-8.4344,40.2029,-8.4344,40.2029
360,-8.4343,40.2029,-8.4343,40.2029
361,-8.4343,40.2029,-8.4343,40.2029
362,-8.4343,40.2029,-8.4343,40.2029
363,-8.4343,40.2029,-8.4343,40.2029
364,-8.4343,40.2029,-8.4343,40.2029
365,-8.4343,40.2029,-8.4343,40.2029
366,-8.4343,40.2029,-8.4343,40.2029
367,-8.4343,40.2029,-8.4343,40.2029
368,-8.4343,40.2029,-8.4343,40.2029
369,-8.4343,40.2029,-8.4343,40.2029
370,-8.4343,40.2029,-8.4343,40.2029
371,-8.4343,40.2029,-8.4343,40.2029
372,-8.4344,40.2030,-8.4344,40.2030
373,-8.4344,40.2030,-8.4344,40.2030
374,-8.4343,40.2029,-8.4343,40.2029
375,-8.4343,40.2029,-8.4343,40.2029
376,-8.4344,40.2029,-8.4344,40.2029
377,-8.4344,40.2029,-8.4344,40.2029
378,-8.4343,40.2029,-8.4343,40.2029
379,-8.4343,40.2029,-8.4343,40.2029
380,-8.4343,40.2029,-8.4343,40.2029
381,-8.4343,40.2030,-8.4343,40.2030
382,-8.4344,40.2030,-8.4344,40.2030
383,-8.4343,40.2029,-8.4343,40.2029
384,-8.4343,40.2029,-8.4343,40.2029
385,-8.4343,40.2029,-8.4343,40.2029
386,-8.4343,40.2029,-8.4343,40.2029
387,-8.4343,40.2029,-8.4343,40.2029
388,-8.4343,40.2029,-8.4343,40.2029
389,-8.4343,40.2029,-8.4343,40.2029
390,-8.4343,40.2029,-8.4343,40.2029
391,-8.4343,40.2029,-8.4343,40.2029
392,-8.4344,40.2029,-8.4344,40.2029
393,-8.4344,40.2029,-8.4344,40.2029
394,-8.4344,40.2029,-8.4344,40.2029
395,-8.4344,40.2029,-8.4344,40.2029
396,-8.4344,40.2029,-8.4344,40.2029
397,-8.4344,40.2029,-8.4344,40.2029
398,-8.4344,40.2029,-8.4344,40.2029
399,-8.4344,40.2029,-8.4344,40.2029
400,-8.4344,40.2029,-8.4344,40.2029
401,-8.4344,40.2029,-8.4344,40.2029
402,-8.4343,40.2029,-8.4343,40.2029
403,-8.4343,40.2029,-8.4343,40.2029
404,-8.4344,40.2029,-8.4344,40.2029
405,-8.4343,40.2029,-8.4343,40.2029
406,-8.4343,40.2030,-8.4343,40.2030
407,-8.4344,40.2029,-8.4344,40.2029
408,-8.4344,40.2029,-8.4344,40.2029
409,-8.4344,40.2029,-8.4344,40.2029
410,-8.4344,40.2029,-8.4344,40.2029
411,-8.4343,40.2029,-8.4343,40.2029
412,-8.4343,40.2029,-8.4343,40.2029
413,-8.4343,40.2029,-8.4343,40.2029
414,-8.4343,40.2029,-8.4343,40.2029
415,-8.4343,40.2029,-8.4343,40.2029
416,-8.4343,40.2029,-8.4343,40.2029
417,-8.4343,40.2029,-8.4343,40.2029
418,-8.4343,40.2029,-8.4343,40.2029
419,-8.4343,40.2029,-8.4343,40.2029
420,-8.4343,40.2029,-8.4343,40.2029
421,-8.4343,40.2029,-8.4343,40.2029
422,-8.4343,40.2029,-8.4343,40.2029
423,-8.4343,40.2029,-8.4343,40.2029
424,-8.4343,40.2029,-8.4343,40.2029
425,-8.4343,40.2029,-8.4343,40.2029
426,-8.4343,40.2029,-8.4343,40.2029
427,-8.4343,40.2029,-8.4343,40.2029
428,-8.4343,40.2029,-8.4343,40.2029
429,-8.4343,40.2029,-8.4343,40.2029
430,-8.4343,40.2029,-8.4343,40.2029
431,-8.4343,40.2029,-8.4343,40.2029
432,-8.4343,40.2029,-8.4343,40.2029
433,-8.4343,40.2029,-8.4343,40.2029
434,-8.4343,40.2029,-8.4343,40.2029
435,-8.4343,40.2029,-8.4343,40.2029
436,-8.4343,40.2029,-8.4343,40.2029
437,-8.4344,40.2030,-8.4344,40.2030
438,-8.4343,40.2030,-8.4343,40.2030
439,-8.4343,40.2029,-8.4343,40.2029
440,-8.4343,40.2029,-8.4343,40.2029
441,-8.4343,40.2029,-8.4343,40.2029
442,-8.4343,40.2029,-8.4343,40.2029
443,-8.4343,40.2029,-8.4343,40.2029
444,-8.4343,40.2029,-8.4343,40.2029
445,-8.4344,40.2030,-8.4344,40.2030
446,-8.4344,40.2030,-8.4344,40.2030
447,-8.4344,40.2029,-8.4344,40.2029
448,-8.4344,40.2029,-8.4344,40.2029
449,-8.4344,40.2029,-8.4344,40.2029
450,-8.4343,40.2029,-8.4343,40.2029
451,-8.4343,40.2029,-8.4343,40.2029
452,-8.4343,40.2029,-8.4343,40.2029
453,-8.4343,40.2030,-8.4343,40.2030
454,-8.4343,40.2029,-8.4343,40.2029
455,-8.4343,40.2030,-8.4343,40.2030
456,-8.4343,40.2029,-8.4343,40.2029
457,-8.4343,40.2029,-8.4343,40.2029
458,-8.4343,40.2030,-8.4343,40.2030
459,-8.4343,40.2030,-8.4343,40.2030
460,-8.4343,40.2030,-8.4343,40.2030
461,-8.4344,40.2030,-8.4344,40.2030
462,-8.4343,40.2030,-8.4343,40.2030
463,-8.4343,40.2030,-8.4343,40.2030
464,-8.4344,40.2029,-8.4344,40.2029
465,-8.4343,40.2030,-8.4343,40.2030
466,-8.4343,40.2030,-8.4343,40.2030
467,-8.4343,40.2029,-8.4343,40.2029
468,-8.4343,40.2029,-8.4343,40.2029
469,-8.4343,40.2029,-8.4343,40.2029
470,-8.4343,40.2029,-8.4343,40.2029
471,-8.4343,40.2029,-8.4343,40.2029
472,-8.4343,40.2029,-8.4343,40.2029
473,-8.4343,40.2029,-8.4343,40.2029
474,-8.4343,40.2029,-8.4343,40.2029
475,-8.4343,40.2030,-8.4343,40.2030
476,-8.4343,40.2030,-8.4343,40.2030
477,-8.4343,40.2030,-8.4343,40.2030
478,-8.4343,40.2030,-8.4343,40.2030
479,-8.4343,40.2030,-8.4343,40.2030
480,-8.4343,40.2030,-8.4343,40.2030
481,-8.4343,40.2030,-8.4343,40.2030
482,-8.4343,40.2030,-8.4343,40.2030
483,-8.4343,40.2030,-8.4343,40.2030
484,-8.4343,40.2030,-8.4343,40.2030
485,-8.4343,40.2030,-8.4343,40.2030
486,-8.4343,40.2030,-8.4343,40.2030
487,-8.4343,40.2030,-8.4343,40.2030
488,-8.4344,40.2030,-8.4344,40.2030
489,-8.4344,40.2030,-8.4344,40.2030
490,-8.4344,40.2030,-8.4344,40.2030
491,-8.4344,40.2030,-8.4344,40.2030
492,-8.4343,40.2030,-8.4343,40.2030
493,-8.4343,40.2030,-8.4343,40.2030
494,-8.4344,40.2030,-8.4344,40.2030
495,-8.4344,40.2030,-8.4344,40.2030
496,-8.4344,40.2029,-8.4344,40.2029
497,-8.4343,40.2029,-8.4343,40.2029
498,-8.4343,40.2029,-8.4343,40.2029
499,-8.4343,40.2029,-8.4343,40.2029
500,-8.4343,40.2029,-8.4343,40.2029
501,-8.4343,40.2029,-8.4343,40.2029
502,-8.4343,40.2029,-8.4343,40.2029
503,-8.4344,40.2029,-8.4344,40.2029
504,-8.4343,40.2029,-8.4343,40.2029
505,-8.4343,40.2029,-8.4343,40.2029
506,-8.4343,40.2029,-8.4343,40.2029
507,-8.4344,40.2030,-8.4344,40.2030
508,-8.4344,40.2029,-8.4344,40.2029
509,-8.4344,40.2029,-8.4344,40.2029
510,-8.4343,40.2029,-8.4343,40.2029
511,-8.4343,40.2029,-8.4343,40.2029
512,-8.4343,40.2029,-8.4343,40.2029
513,-8.4343,40.2029,-8.4343,40.2029
514,-8.4343,40.2029,-8.4343,40.2029
515,-8.4343,40.2029,-8.4343,40.2029
516,-8.4343,40.2029,-8.4343,40.2029
517,-8.4344,40.2029,-8.4344,40.2029
518,-8.4344,40.2029,-8.4344,40.2029
519,-8.4344,40.2029,-8.4344,40.2029
520,-8.4344,40.2029,-8.4344,40.2029
521,-8.4343,40.2029,-8.4343,40.2029
522,-8.4343,40.2029,-8.4343,40.2029
523,-8.4343,40.2029,-8.4343,40.2029
524,-8.4343,40.2029,-8.4343,40.2029
525,-8.4343,40.2029,-8.4343,40.2029
526,-8.4343,40.2029,-8.4343,40.2029
527,-8.4343,40.2029,-8.4343,40.2029
528,-8.4344,40.2029,-8.4344,40.2029
529,-8.4343,40.2029,-8.4343,40.2029
530,-8.4344,40.2029,-8.4344,40.2029
531,-8.4343,40.2029,-8.4343,40.2029
532,-8.4343,40.2029,-8.4343,40.2029
533,-8.4343,40.2029,-8.4343,40.2029
534,-8.4343,40.2029,-8.4343,40.2029
535,-8.4344,40.2029,-8.4344,40.2029
536,-8.4344,40.2029,-8.4344,40.2029
537,-8.4343,40.2029,-8.4343,40.2029
538,-8.4344,40.2029,-8.4344,40.2029
539,-8.4343,40.2029,-8.4343,40.2029
540,-8.4343,40.2029,-8.4343,40.2029
541,-8.4343,40.2029,-8.4343,40.2029
542,-8.4343,40.2029,-8.4343,40.2029
543,-8.4343,40.2029,-8.4343,40.2029
544,-8.4343,40.2029,-8.4343,40.2029
545,-8.4343,40.2029,-8.4343,40.2029
546,-8.4343,40.2029,-8.4343,40.2029
547,-8.4343,40.2029,-8.4343,40.2029
548,-8.4343,40.2029,-8.4343,40.2029
549,-8.4343,40.2029,-8.4343,40.2029
550,-8.4343,40.2029,-8.4343,40.2029
551,-8.4343,40.2029,-8.4343,40.2029
552,-8.4343,40.2029,-8.4343,40.2029
553,-8.4343,40.2029,-8.4343,40.2029
554,-8.4343,40.2029,-8.4343,40.2029
555,-8.4343,40.2030,-8.4343,40.2030
556,-8.4344,40.2030,-8.4344,40.2030
557,-8.4344,40.2030,-8.4344,40.2030
558,-8.4343,40.2029,-8.4343,40.2029
559,-8.4343,40.2029,-8.4343,40.2029
560,-8.4343,40.2029,-8.4343,40.2029
561,-8.4343,40.2029,-8.4343,40.2029
562,-8.4343,40.2029,-8.4343,40.2029
563,-8.4343,40.2029,-8.4343,40.2029
564,-8.4343,40.2029,-8.4343,40.2029
565,-8.4343,40.2029,-8.4343,40.2029
566,-8.4343,40.2029,-8.4343,40.2029
567,-8.4343,40.2029,-8.4343,40.2029
568,-8.4343,40.2029,-8.4343,40.2029
569,-8.4343,40.2029,-8.4343,40.2029
570,-8.4343,40.2029,-8.4343,40.2029
571,-8.4343,40.2029,-8.4343,40.2029
572,-8.4343,40.2029,-8.4343,40.2029
573,-8.4343,40.2029,-8.4343,40.2029
574,-8.4343,40.2029,-8.4343,40.2029
575,-8.4343,40.2029,-8.4343,40.2029
576,-8.4343,40.2029,-8.4343,40.2029
577,-8.4343,40.2029,-8.4343,40.2029
578,-8.4343,40.2029,-8.4343,40.2029
579,-8.4343,40.2029,-8.4343,40.2029
580,-8.4343,40.2029,-8.4343,40.2029
581,-8.4343,40.2029,-8.4343,40.2029
582,-8.4343,40.2030,-8.4343,40.2030
583,-8.4343,40.2030,-8.4343,40.2030
584,-8.4343,40.2030,-8.4343,40.2030
585,-8.4344,40.2030,-8.4344,40.2030
586,-8.4344,40.2030,-8.4344,40.2030
587,-8.4344,40.2030,-8.4344,40.2030
588,-8.4344,40.2030,-8.4344,40.2030
589,-8.4343,40.2030,-8.4343,40.2030
590,-8.4343,40.2029,-8.4343,40.2029
591,-8.4343,40.2029,-8.4343,40.2029
592,-8.4343,40.2029,-8.4343,40.2029
593,-8.4343,40.2029,-8.4343,40.2029
594,-8.4343,40.2029,-8.4343,40.2029
595,-8.4343,40.2030,-8.4343,40.2030
596,-8.4343,40.2030,-8.4343,40.2030
597,-8.4344,40.2030,-8.4344,40.2030
598,-8.4343,40.2030,-8.4343,40.2030
599,-8.4343,40.2030,-8.4343,40.2030
600,-8.4343,40.2030,-8.4343,40.2030
601,-8.4343,40.2030,-8.4343,40.2030
602,-8.4343,40.2030,-8.4343,40.2030
603,-8.4343,40.2030,-8.4343,40.2030
604,-8.4343,40.2029,-8.4343,40.2029
605,-8.4343,40.2029,-8.4343,40.2029
606,-8.4343,40.2030,-8.4343,40.2030
607,-8.4343,40.2029,-8.4343,40.2029
608,-8.4343,40.2029,-8.4343,40.2029
609,-8.4343,40.2030,-8.4343,40.2030
610,-8.4343,40.2030,-8.4343,40.2030
611,-8.4343,40.2030,-8.4343,40.2030
612,-8.4343,40.2030,-8.4343,40.2030
613,-8.4343,40.2030,-8.4343,40.2030
614,-8.4343,40.2030,-8.4343,40.2030
615,-8.4343,40.2030,-8.4343,40.2030
616,-8.4342,40.2030,-8.4342,40.2030
617,-8.4343,40.2030,-8.4343,40.2030
618,-8.4343,40.2030,-8.4343,40.2030
619,-8.4343,40.2030,-8.4343,40.2030
620,-8.4343,40.2030,-8.4343,40.2030
621,-8.4343,40.2030,-8.4343,40.2030
622,-8.4343,40.2030,-8.4343,40.2030
623,-8.4343,40.2030,-8.4343,40.2030
624,-8.4343,40.2030,-8.4343,40.2030
625,-8.4343,40.2029,-8.4343,40.2029
626,-8.4343,40.2029,-8.4343,40.2029
627,-8.4343,40.2030,-8.4343,40.2030
628,-8.4343,40.2030,-8.4343,40.2030
629,-8.4343,40.2030,-8.4343,40.2030
630,-8.4343,40.2030,-8.4343,40.2030
631,-8.4343,40.2030,-8.4343,40.2030
632,-8.4343,40.2030,-8.4343,40.2030
633,-8.4343,40.2030,-8.4343,40.2030
634,-8.4343,40.2030,-8.4343,40.2030
635,-8.4343,40.2029,-8.4343,40.2029
636,-8.4344,40.2029,-8.4344,40.2029
637,-8.4343,40.2029,-8.4343,40.2029
638,-8.4343,40.2030,-8.4343,40.2030
639,-8.4343,40.2030,-8.4343,40.2030
640,-8.4343,40.2030,-8.4343,40.2030
641,-8.4343,40.2030,-8.4343,40.2030
642,-8.4343,40.2030,-8.4343,40.2030
643,-8.4343,40.2030,-8.4343,40.2030
644,-8.4343,40.2030,-8.4343,40.2030
645,-8.4343,40.2030,-8.4343,40.2030
646,-8.4344,40.2030,-8.4344,40.2030
647,-8.4344,40.2030,-8.4344,40.2030
648,-8.4344,40.2030,-8.4344,40.2030
649,-8.4344,40.2030,-8.4344,40.2030
650,-8.4344,40.2030,-8.4344,40.2030
651,-8.4344,40.2030,-8.4344,40.2030
652,-8.4344,40.2030,-8.4344,40.2030
653,-8.4344,40.2030,-8.4344,40.2030
654,-8.4343,40.2030,-8.4343,40.2030
655,-8.4343,40.2030,-8.4343,40.2030
656,-8.4343,40.2030,-8.4343,40.2030
657,-8.4343,40.2030,-8.4343,40.2030
658,-8.4343,40.2030,-8.4343,40.2030
659,-8.4343,40.2030,-8.4343,40.2030
660,-8.4343,40.2030,-8.4343,40.2030
661,-8.4343,40.2030,-8.4343,40.2030
662,-8.4343,40.2030,-8.4343,40.2030
663,-8.4343,40.2030,-8.4343,40.2030
664,-8.4343,40.2030,-8.4343,40.2030
665,-8.4343,40.2030,-8.4343,40.2030
666,-8.4343,40.2030,-8.4343,40.2030
667,-8.4343,40.2030,-8.4343,40.2030
668,-8.4344,40.2030,-8.4344,40.2030
669,-8.4344,40.2030,-8.4344,40.2030
670,-8.4344,40.2030,-8.4344,40.2030
671,-8.4343,40.2030,-8.4343,40.2030
672,-8.4344,40.2030,-8.4344,40.2030
673,-8.4344,40.2030,-8.4344,40.2030
674,-8.4344,40.2030,-8.4344,40.2030
675,-8.4344,40.2030,-8.4344,40.2030
676,-8.4343,40.2030,-8.4343,40.2030
677,-8.4343,40.2030,-8.4343,40.2030
678,-8.4343,40.2030,-8.4343,40.2030
679,-8.4343,40.2030,-8.4343,40.2030
680,-8.4343,40.2030,-8.4343,40.2030
681,-8.4343,40.2030,-8.4343,40.2030
682,-8.4343,40.2030,-8.4343,40.2030
683,-8.4343,40.2030,-8.4343,40.2030
684,-8.4343,40.2029,-8.4343,40.2029
685,-8.4343,40.2029,-8.4343,40.2029
686,-8.4343,40.2029,-8.4343,40.2029
687,-8.4343,40.2029,-8.4343,40.2029
688,-8.4343,40.2030,-8.4343,40.2030
689,-8.4344,40.2030,-8.4344,40.2030
690,-8.4344,40.2030,-8.4344,40.2030
691,-8.4344,40.2030,-8.4344,40.2030
692,-8.4343,40.2030,-8.4343,40.2030
693,-8.4343,40.2030,-8.4343,40.2030
694,-8.4343,40.2030,-8.4343,40.2030
695,-8.4343,40.2030,-8.4343,40.2030
696,-8.4343,40.2029,-8.4343,40.2029
697,-8.4343,40.2029,-8.4343,40.2029
698,-8.4343,40.2029,-8.4343,40.2029
699,-8.4343,40.2029,-8.4343,40.2029
700,-8.4343,40.2029,-8.4343,40.2029
701,-8.4343,40.2029,-8.4343,40.2029
702,-8.4343,40.2029,-8.4343,40.2029
703,-8.4343,40.2029,-8.4343,40.2029
704,-8.4343,40.2029,-8.4343,40.2029
705,-8.4343,40.2029,-8.4343,40.2029
706,-8.4343,40.2029,-8.4343,40.2029
707,-8.4343,40.2029,-8.4343,40.2029
708,-8.4341,40.2026,-8.4341,40.2026
709,-8.4337,40.2017,-8.4337,40.2017
710,-8.4333,40.2009,-8.4333,40.2009
711,-8.4329,40.2003,-8.4329,40.2003
712,-8.4323,40.2006,-8.4323,40.2006
713,-8.4311,40.2010,-8.4311,40.2010
714,-8.4307,40.2001,-8.4307,40.2001
715,-8.4319,40.1998,-8.4319,40.1998
716,-8.4326,40.1997,-8.4326,40.1997
717,-8.4333,40.2000,-8.4333,40.2000
718,-8.4348,40.1993,-8.4348,40.1993
719,-8.4354,40.2002,-8.4354,40.2002
720,-8.4345,40.2008,-8.4345,40.2008
721,-8.4344,40.2013,-8.4344,40.2013
722,-8.4348,40.2025,-8.4348,40.2025
723,-8.4347,40.2032,-8.4347,40.2032
724,-8.4334,40.2035,-8.4334,40.2035
725,-8.4322,40.2042,-8.4322,40.2042
726,-8.4322,40.2042,-8.4322,40.2042
727,-8.4319,40.2045,-8.4319,40.2045
728,-8.4309,40.2056,-8.4309,40.2056
729,-8.4299,40.2066,-8.4299,40.2066
730,-8.4299,40.2066,-8.4299,40.2066
731,-8.4298,40.2067,-8.4298,40.2067
732,-8.4302,40.2075,-8.4302,40.2075
733,-8.4314,40.2082,-8.4314,40.2082
734,-8.4314,40.2089,-8.4314,40.2089
735,-8.4313,40.2090,-8.4313,40.2090
736,-8.4312,40.2091,-8.4312,40.2091
737,-8.4316,40.2097,-8.4316,40.2097
738,-8.4320,40.2105,-8.4320,40.2105
739,-8.4323,40.2112,-8.4323,40.2112
740,-8.4327,40.2120,-8.4327,40.2120
741,-8.4328,40.2119,-8.4328,40.2119
742,-8.4329,40.2122,-8.4329,40.2122
743,-8.4331,40.2125,-8.4331,40.2125
744,-8.4333,40.2133,-8.4333,40.2133
745,-8.4342,40.2142,-8.4342,40.2142
746,-8.4348,40.2148,-8.4348,40.2148
747,-8.4349,40.2149,-8.4349,40.2149
748,-8.4352,40.2152,-8.4352,40.2152
749,-8.4355,40.2154,-8.4355,40.2154
750,-8.4361,40.2160,-8.4361,40.2160
751,-8.4363,40.2163,-8.4363,40.2163
752,-8.4364,40.2164,-8.4364,40.2164
753,-8.4366,40.2163,-8.4366,40.2163
754,-8.4366,40.2163,-8.4366,40.2163
755,-8.4365,40.2163,-8.4365,40.2163
756,-8.4365,40.2163,-8.4365,40.2163
757,-8.4365,40.2163,-8.4365,40.2163
758,-8.4367,40.2163,-8.4367,40.2163
759,-8.4366,40.2163,-8.4366,40.2163
760,-8.4367,40.2162,-8.4367,40.2162
761,-8.4366,40.2163,-8.4366,40.2163
762,-8.4365,40.2163,-8.4365,40.2163
763,-8.4366,40.2163,-8.4366,40.2163
764,-8.4366,40.2163,-8.4366,40.2163
765,-8.4367,40.2163,-8.4367,40.2163
766,-8.4366,40.2163,-8.4366,40.2163
767,-8.4367,40.2163,-8.4367,40.2163
768,-8.4368,40.2163,-8.4368,40.2163
769,-8.4367,40.2163,-8.4367,40.2163
770,-8.4367,40.2163,-8.4367,40.2163
771,-8.4365,40.2164,-8.4365,40.2164
772,-8.4366,40.2164,-8.4366,40.2164
773,-8.4366,40.2163,-8.4366,40.2163
774,-8.4366,40.2163,-8.4366,40.2163
775,-8.4366,40.2163,-8.4366,40.2163
776,-8.4367,40.2163,-8.4367,40.2163
777,-8.4374,40.2172,-8.4374,40.2172
778,-8.4377,40.2177,-8.4377,40.2177
779,-8.4377,40.2177,-8.4377,40.2177
780,-8.4377,40.2177,-8.4377,40.2177
781,-8.4377,40.2177,-8.4377,40.2177
782,-8.4376,40.2178,-8.4376,40.2178
783,-8.4365,40.2172,-8.4365,40.2172
784,-8.4353,40.2166,-8.4353,40.2166
785,-8.4339,40.2161,-8.4339,40.2161
786,-8.4320,40.2158,-8.4320,40.2158
787,-8.4305,40.2149,-8.4305,40.2149
788,-8.4292,40.2142,-8.4292,40.2142
789,-8.4282,40.2138,-8.4282,40.2138
790,-8.4280,40.2143,-8.4280,40.2143
791,-8.4268,40.2138,-8.4268,40.2138
792,-8.4252,40.2134,-8.4252,40.2134
793,-8.4233,40.2132,-8.4233,40.2132
794,-8.4213,40.2130,-8.4213,40.2130
795,-8.4193,40.2126,-8.4193,40.2126
796,-8.4175,40.2123,-8.4175,40.2123
797,-8.4161,40.2127,-8.4161,40.2127
798,-8.4155,40.2131,-8.4155,40.2131
799,-8.4143,40.2135,-8.4143,40.2135
800,-8.4140,40.2135,-8.4140,40.2135
801,-8.4144,40.2129,-8.4144,40.2129
802,-8.4156,40.2121,-8.4156,40.2121
803,-8.4169,40.2115,-8.4169,40.2115
804,-8.4177,40.2110,-8.4177,40.2110
805,-8.4173,40.2105,-8.4173,40.2105
806,-8.4185,40.2100,-8.4185,40.2100
807,-8.4191,40.2099,-8.4191,40.2099
808,-8.4197,40.2099,-8.4197,40.2099
809,-8.4198,40.2099,-8.4198,40.2099
810,-8.4199,40.2099,-8.4199,40.2099
811,-8.4200,40.2099,-8.4200,40.2099
812,-8.4200,40.2099,-8.4200,40.2099
813,-8.4200,40.2099,-8.4200,40.2099
814,-8.4200,40.2098,-8.4200,40.2098
815,-8.4200,40.2098,-8.4200,40.2098
816,-8.4200,40.2099,-8.4200,40.2099
817,-8.4201,40.2099,-8.4201,40.2099
818,-8.4201,40.2099,-8.4201,40.2099
819,-8.4201,40.2099,-8.4201,40.2099
820,-8.4201,40.2099,-8.4201,40.2099
821,-8.4201,40.2099,-8.4201,40.2099
822,-8.4201,40.2099,-8.4201,40.2099
823,-8.4201,40.2099,-8.4201,40.2099
824,-8.4201,40.2099,-8.4201,40.2099
825,-8.4201,40.2099,-8.4201,40.2099
826,-8.4201,40.2099,-8.4201,40.2099
827,-8.4201,40.2099,-8.4201,40.2099
828,-8.4201,40.2099,-8.4201,40.2099
829,-8.4202,40.2099,-8.4202,40.2099
830,-8.4202,40.2099,-8.4202,40.2099
831,-8.4202,40.2099,-8.4202,40.2099
832,-8.4201,40.2099,-8.4201,40.2099
833,-8.4201,40.2099,-8.4201,40.2099
834,-8.4201,40.2099,-8.4201,40.2099
835,-8.4201,40.2099,-8.4201,40.2099
836,-8.4201,40.2099,-8.4201,40.2099
837,-8.4201,40.2099,-8.4201,40.2099
838,-8.4201,40.2099,-8.4201,40.2099
839,-8.4201,40.2099,-8.4201,40.2099
840,-8.4201,40.2099,-8.4201,40.2099
841,-8.4201,40.2099,-8.4201,40.2099
842,-8.4201,40.2099,-8.4201,40.2099
843,-8.4201,40.2099,-8.4201,40.2099
844,-8.4202,40.2099,-8.4202,40.2099
845,-8.4207,40.2101,-8.4207,40.2101
846,-8.4210,40.2101,-8.4210,40.2101
847,-8.4210,40.2101,-8.4210,40.2101
848,-8.4211,40.2101,-8.4211,40.2101
849,-8.4219,40.2097,-8.4219,40.2097
850,-8.4236,40.2107,-8.4236,40.2107
851,-8.4253,40.2105,-8.4253,40.2105
852,-8.4250,40.2089,-8.4250,40.2089
853,-8.4247,40.2075,-8.4247,40.2075
854,-8.4262,40.2069,-8.4262,40.2069
855,-8.4271,40.2070,-8.4271,40.2070
856,-8.4277,40.2074,-8.4277,40.2074
857,-8.4275,40.2079,-8.4275,40.2079
858,-8.4274,40.2083,-8.4274,40.2083
859,-8.4274,40.2089,-8.4274,40.2089
860,-8.4274,40.2090,-8.4274,40.2090
861,-8.4274,40.2090,-8.4274,40.2090
862,-8.4274,40.2090,-8.4274,40.2090
863,-8.4274,40.2090,-8.4274,40.2090
864,-8.4274,40.2090,-8.4274,40.2090
865,-8.4274,40.2090,-8.4274,40.2090
866,-8.4274,40.2090,-8.4274,40.2090
867,-8.4273,40.2090,-8.4273,40.2090
868,-8.4273,40.2090,-8.4273,40.2090
869,-8.4273,40.2090,-8.4273,40.2090
870,-8.4274,40.2090,-8.4274,40.2090
871,-8.4274,40.2090,-8.4274,40.2090
872,-8.4273,40.2090,-8.4273,40.2090
873,-8.4273,40.2090,-8.4273,40.2090
874,-8.4273,40.2089,-8.4273,40.2089
875,-8.4273,40.2089,-8.4273,40.2089
876,-8.4274,40.2090,-8.4274,40.2090
877,-8.4274,40.2090,-8.4274,40.2090
878,-8.4274,40.2089,-8.4274,40.2089
879,-8.4274,40.2089,-8.4274,40.2089
880,-8.4274,40.2089,-8.4274,40.2089
881,-8.4274,40.2089,-8.4274,40.2089
882,-8.4274,40.2089,-8.4274,40.2089
883,-8.4275,40.2090,-8.4275,40.2090
884,-8.4275,40.2090,-8.4275,40.2090
885,-8.4274,40.2089,-8.4274,40.2089
886,-8.4274,40.2089,-8.4274,40.2089
887,-8.4274,40.2089,-8.4274,40.2089
888,-8.4274,40.2089,-8.4274,40.2089
889,-8.4274,40.2089,-8.4274,40.2089
890,-8.4274,40.2089,-8.4274,40.2089
891,-8.4274,40.2089,-8.4274,40.2089
892,-8.4274,40.2089,-8.4274,40.2089
893,-8.4274,40.2089,-8.4274,40.2089
894,-8.4274,40.2089,-8.4274,40.2089
895,-8.4274,40.2090,-8.4274,40.2090
896,-8.4274,40.2090,-8.4274,40.2090
897,-8.4274,40.2090,-8.4274,40.2090
898,-8.4274,40.2090,-8.4274,40.2090
899,-8.4274,40.2089,-8.4274,40.2089
900,-8.4273,40.2089,-8.4273,40.2089
901,-8.4273,40.2089,-8.4273,40.2089
902,-8.4273,40.2090,-8.4273,40.2090
903,-8.4273,40.2090,-8.4273,40.2090
904,-8.4273,40.2090,-8.4273,40.2090
905,-8.4273,40.2090,-8.4273,40.2090
906,-8.4273,40.2089,-8.4273,40.2089
907,-8.4273,40.2089,-8.4273,40.2089
908,-8.4274,40.2089,-8.4274,40.2089
909,-8.4273,40.2089,-8.4273,40.2089
910,-8.4273,40.2089,-8.4273,40.2089
911,-8.4273,40.2089,-8.4273,40.2089
912,-8.4273,40.2089,-8.4273,40.2089
913,-8.4273,40.2089,-8.4273,40.2089
914,-8.4274,40.2089,-8.4274,40.2089
915,-8.4274,40.2089,-8.4274,40.2089
916,-8.4274,40.2089,-8.4274,40.2089
917,-8.4273,40.2089,-8.4273,40.2089
918,-8.4273,40.2089,-8.4273,40.2089
919,-8.4273,40.2089,-8.4273,40.2089
920,-8.4274,40.2089,-8.4274,40.2089
921,-8.4273,40.2089,-8.4273,40.2089
922,-8.4273,40.2089,-8.4273,40.2089
923,-8.4273,40.2089,-8.4273,40.2089
924,-8.4274,40.2089,-8.4274,40.2089
925,-8.4274,40.2089,-8.4274,40.2089
926,-8.4274,40.2089,-8.4274,40.2089
927,-8.4274,40.2089,-8.4274,40.2089
928,-8.4273,40.2089,-8.4273,40.2089
929,-8.4273,40.2089,-8.4273,40.2089
930,-8.4274,40.2089,-8.4274,40.2089
931,-8.4274,40.2089,-8.4274,40.2089
932,-8.4274,40.2089,-8.4274,40.2089
933,-8.4273,40.2089,-8.4273,40.2089
934,-8.4274,40.2089,-8.4274,40.2089
935,-8.4274,40.2089,-8.4274,40.2089
936,-8.4274,40.2089,-8.4274,40.2089
937,-8.4274,40.2089,-8.4274,40.2089
938,-8.4274,40.2089,-8.4274,40.2089
939,-8.4274,40.2089,-8.4274,40.2089
940,-8.4274,40.2089,-8.4274,40.2089
941,-8.4274,40.2089,-8.4274,40.2089
942,-8.4274,40.2089,-8.4274,40.2089
943,-8.4273,40.2089,-8.4273,40.2089
944,-8.4273,40.2089,-8.4273,40.2089
945,-8.4273,40.2089,-8.4273,40.2089
946,-8.4273,40.2089,-8.4273,40.2089
947,-8.4273,40.2089,-8.4273,40.2089
948,-8.4273,40.2089,-8.4273,40.2089
949,-8.4273,40.2089,-8.4273,40.2089
950,-8.4273,40.2089,-8.4273,40.2089
951,-8.4273,40.2089,-8.4273,40.2089
952,-8.4273,40.2089,-8.4273,40.2089
953,-8.4273,40.2089,-8.4273,40.2089
954,-8.4273,40.2089,-8.4273,40.2089
955,-8.4274,40.2089,-8.4274,40.2089
956,-8.4274,40.2089,-8.4274,40.2089
957,-8.4273,40.2089,-8.4273,40.2089
958,-8.4273,40.2089,-8.4273,40.2089
959,-8.4273,40.2089,-8.4273,40.2089
960,-8.4273,40.2089,-8.4273,40.2089
961,-8.4273,40.2089,-8.4273,40.2089
962,-8.4273,40.2089,-8.4273,40.2089
963,-8.4273,40.2089,-8.4273,40.2089
964,-8.4274,40.2089,-8.4274,40.2089
965,-8.4274,40.2089,-8.4274,40.2089
966,-8.4274,40.2089,-8.4274,40.2089
967,-8.4274,40.2089,-8.4274,40.2089
968,-8.4273,40.2089,-8.4273,40.2089
969,-8.4273,40.2089,-8.4273,40.2089
970,-8.4273,40.2089,-8.4273,40.2089
971,-8.4273,40.2089,-8.4273,40.2089
972,-8.4273,40.2089,-8.4273,40.2089
973,-8.4273,40.2089,-8.4273,40.2089
974,-8.4273,40.2089,-8.4273,40.2089
975,-8.4274,40.2089,-8.4274,40.2089
976,-8.4274,40.2089,-8.4274,40.2089
977,-8.4274,40.2089,-8.4274,40.2089
978,-8.4273,40.2089,-8.4273,40.2089
979,-8.4273,40.2089,-8.4273,40.2089
980,-8.4273,40.2089,-8.4273,40.2089
981,-8.4273,40.2089,-8.4273,40.2089
982,-8.4274,40.2089,-8.4274,40.2089
983,-8.4273,40.2089,-8.4273,40.2089
984,-8.4274,40.2089,-8.4274,40.2089
985,-8.4274,40.2089,-8.4274,40.2089
986,-8.4274,40.2089,-8.4274,40.2089
987,-8.4274,40.2089,-8.4274,40.2089
988,-8.4274,40.2089,-8.4274,40.2089
989,-8.4274,40.2089,-8.4274,40.2089
990,-8.4274,40.2089,-8.4274,40.2089
991,-8.4274,40.2089,-8.4274,40.2089
992,-8.4274,40.2089,-8.4274,40.2089
993,-8.4274,40.2089,-8.4274,40.2089
994,-8.4274,40.2089,-8.4274,40.2089
995,-8.4274,40.2089,-8.4274,40.2089
996,-8.4274,40.2089,-8.4274,40.2089
997,-8.4274,40.2089,-8.4274,40.2089
998,-8.4274,40.2089,-8.4274,40.2089
999,-8.4274,40.2089,-8.4274,40.2089
1000,-8.4274,40.2089,-8.4274,40.2089
1001,-8.4274,40.2089,-8.4274,40.2089
1002,-8.4274,40.2089,-8.4274,40.2089
1003,-8.4273,40.2089,-8.4273,40.2089
1004,-8.4273,40.2089,-8.4273,40.2089
1005,-8.4274,40.2089,-8.4274,40.2089
1006,-8.4274,40.2089,-8.4274,40.2089
1007,-8.4273,40.2089,-8.4273,40.2089
1008,-8.4273,40.2089,-8.4273,40.2089
1009,-8.4273,40.2089,-8.4273,40.2089
1010,-8.4274,40.2089,-8.4274,40.2089
1011,-8.4274,40.2089,-8.4274,40.2089
1012,-8.4274,40.2089,-8.4274,40.2089
1013,-8.4274,40.2089,-8.4274,40.2089
1014,-8.4274,40.2089,-8.4274,40.2089
1015,-8.4274,40.2089,-8.4274,40.2089
1016,-8.4274,40.2089,-8.4274,40.2089
1017,-8.4274,40.2089,-8.4274,40.2089
1018,-8.4274,40.2089,-8.4274,40.2089
1019,-8.4274,40.2089,-8.4274,40.2089
1020,-8.4273,40.2089,-8.4273,40.2089
1021,-8.4273,40.2089,-8.4273,40.2089
1022,-8.4273,40.2089,-8.4273,40.2089
1023,-8.4273,40.2089,-8.4273,40.2089
1024,-8.4274,40.2089,-8.4274,40.2089
1025,-8.4273,40.2089,-8.4273,40.2089
1026,-8.4273,40.2089,-8.4273,40.2089
1027,-8.4273,40.2089,-8.4273,40.2089
1028,-8.4273,40.2089,-8.4273,40.2089
1029,-8.4273,40.2089,-8.4273,40.2089
1030,-8.4274,40.2089,-8.4274,40.2089
1031,-8.4274,40.2089,-8.4274,40.2089
1032,-8.4274,40.2089,-8.4274,40.2089
1033,-8.4274,40.2089,-8.4274,40.2089
1034,-8.4274,40.2089,-8.4274,40.2089
1035,-8.4274,40.2089,-8.4274,40.2089
1036,-8.4274,40.2089,-8.4274,40.2089
1037,-8.4274,40.2089,-8.4274,40.2089
1038,-8.4274,40.2089,-8.4274,40.2089
1039,-8.4274,40.2089,-8.4274,40.2089
1040,-8.4274,40.2089,-8.4274,40.2089
1041,-8.4274,40.2089,-8.4274,40.2089
1042,-8.4274,40.2089,-8.4274,40.2089
1043,-8.4274,40.2089,-8.4274,40.2089
1044,-8.4274,40.2089,-8.4274,40.2089
1045,-8.4274,40.2090,-8.4274,40.2090
1046,-8.4274,40.2090,-8.4274,40.2090
1047,-8.4274,40.2090,-8.4274,40.2090
1048,-8.4274,40.2090,-8.4274,40.2090
1049,-8.4274,40.2090,-8.4274,40.2090
1050,-8.4274,40.2091,-8.4274,40.2091
1051,-8.4274,40.2089,-8.4274,40.2089
1052,-8.4274,40.2091,-8.4274,40.2091
1053,-8.4274,40.2090,-8.4274,40.2090
1054,-8.4274,40.2089,-8.4274,40.2089
1055,-8.4273,40.2089,-8.4273,40.2089
1056,-8.4273,40.2088,-8.4273,40.2088
1057,-8.4273,40.2089,-8.4273,40.2089
1058,-8.4273,40.2088,-8.4273,40.2088
1059,-8.4273,40.2088,-8.4273,40.2088
1060,-8.4272,40.2087,-8.4272,40.2087
1061,-8.4271,40.2086,-8.4271,40.2086
1062,-8.4271,40.2085,-8.4271,40.2085
1063,-8.4270,40.2085,-8.4270,40.2085
1064,-8.4270,40.2084,-8.4270,40.2084
1065,-8.4269,40.2084,-8.4269,40.2084
1066,-8.4270,40.2085,-8.4270,40.2085
1067,-8.4270,40.2085,-8.4270,40.2085
1068,-8.4270,40.2085,-8.4270,40.2085
1069,-8.4270,40.2085,-8.4270,40.2085
1070,-8.4270,40.2085,-8.4270,40.2085
1071,-8.4270,40.2085,-8.4270,40.2085
1072,-8.4270,40.2085,-8.4270,40.2085
1073,-8.4270,40.2085,-8.4270,40.2085
1074,-8.4270,40.2085,-8.4270,40.2085
1075,-8.4270,40.2085,-8.4270,40.2085
1076,-8.4270,40.2085,-8.4270,40.2085
1077,-8.4270,40.2086,-8.4270,40.2086
1078,-8.4270,40.2086,-8.4270,40.2086
1079,-8.4270,40.2086,-8.4270,40.2086
1080,-8.4270,40.2086,-8.4270,40.2086
1081,-8.4270,40.2086,-8.4270,40.2086
1082,-8.4270,40.2086,-8.4270,40.2086
1083,-8.4270,40.2086,-8.4270,40.2086
1084,-8.4270,40.2086,-8.4270,40.2086
1085,-8.4270,40.2086,-8.4270,40.2086
1086,-8.4270,40.2086,-8.4270,40.2086
1087,-8.4270,40.2086,-8.4270,40.2086
1088,-8.4270,40.2086,-8.4270,40.2086
1089,-8.4270,40.2086,-8.4270,40.2086
1090,-8.4271,40.2086,-8.4271,40.2086
1091,-8.4270,40.2086,-8.4270,40.2086
1092,-8.4270,40.2086,-8.4270,40.2086
1093,-8.4271,40.2086,-8.4271,40.2086
1094,-8.4271,40.2086,-8.4271,40.2086
1095,-8.4270,40.2086,-8.4270,40.2086
1096,-8.4271,40.2087,-8.4271,40.2087
1097,-8.4271,40.2087,-8.4271,40.2087
1098,-8.4271,40.2087,-8.4271,40.2087
1099,-8.4270,40.2087,-8.4270,40.2087
1100,-8.4271,40.2087,-8.4271,40.2087
1101,-8.4270,40.2088,-8.4270,40.2088
1102,-8.4282,40.2066,-8.4282,40.2066
1103,-8.4297,40.2068,-8.4297,40.2068
1104,-8.4297,40.2069,-8.4297,40.2069
1105,-8.4296,40.2070,-8.4296,40.2070
1106,-8.4296,40.2070,-8.4296,40.2070
1107,-8.4299,40.2072,-8.4299,40.2072
1108,-8.4311,40.2078,-8.4311,40.2078
1109,-8.4319,40.2084,-8.4319,40.2084
1110,-8.4319,40.2086,-8.4319,40.2086
1111,-8.4316,40.2090,-8.4316,40.2090
1112,-8.4313,40.2091,-8.4313,40.2091
1113,-8.4320,40.2104,-8.4320,40.2104
1114,-8.4327,40.2119,-8.4327,40.2119
1115,-8.4328,40.2120,-8.4328,40.2120
1116,-8.4332,40.2129,-8.4332,40.2129
1117,-8.4339,40.2138,-8.4339,40.2138
1118,-8.4351,40.2150,-8.4351,40.2150
1119,-8.4354,40.2154,-8.4354,40.2154
1120,-8.4362,40.2163,-8.4362,40.2163
1121,-8.4373,40.2174,-8.4373,40.2174
1122,-8.4377,40.2177,-8.4377,40.2177
1123,-8.4377,40.2177,-8.4377,40.2177
1124,-8.4377,40.2177,-8.4377,40.2177
1125,-8.4377,40.2177,-8.4377,40.2177
1126,-8.4376,40.2178,-8.4376,40.2178
1127,-8.4381,40.2191,-8.4381,40.2191
1128,-8.4370,40.2199,-8.4370,40.2199
1129,-8.4369,40.2188,-8.4369,40.2188
1130,-8.4386,40.2185,-8.4386,40.2185
1131,-8.4393,40.2206,-8.4393,40.2206
1132,-8.4395,40.2229,-8.4395,40.2229
1133,-8.4373,40.2250,-8.4373,40.2250
1134,-8.4354,40.2273,-8.4354,40.2273
1135,-8.4350,40.2301,-8.4350,40.2301
1136,-8.4356,40.2330,-8.4356,40.2330
1137,-8.4361,40.2359,-8.4361,40.2359
1138,-8.4369,40.2388,-8.4369,40.2388
1139,-8.4383,40.2415,-8.4383,40.2415
1140,-8.4400,40.2444,-8.4400,40.2444
1141,-8.4419,40.2474,-8.4419,40.2474
1142,-8.4427,40.2504,-8.4427,40.2504
1143,-8.4429,40.2534,-8.4429,40.2534
1144,-8.4432,40.2566,-8.4432,40.2566
1145,-8.4435,40.2597,-8.4435,40.2597
1146,-8.4428,40.2629,-8.4428,40.2629
1147,-8.4426,40.2662,-8.4426,40.2662
1148,-8.4435,40.2692,-8.4435,40.2692
1149,-8.4438,40.2721,-8.4438,40.2721
1150,-8.4428,40.2734,-8.4428,40.2734
1151,-8.4442,40.2723,-8.4442,40.2723
1152,-8.4474,40.2715,-8.4474,40.2715
1153,-8.4510,40.2712,-8.4510,40.2712
1154,-8.4545,40.2704,-8.4545,40.2704
1155,-8.4583,40.2705,-8.4583,40.2705
1156,-8.4625,40.2701,-8.4625,40.2701
1157,-8.4668,40.2698,-8.4668,40.2698
1158,-8.4711,40.2705,-8.4711,40.2705
1159,-8.4742,40.2713,-8.4742,40.2713
1160,-8.4775,40.2721,-8.4775,40.2721
1161,-8.4794,40.2742,-8.4794,40.2742
1162,-8.4785,40.2773,-8.4785,40.2773
1163,-8.4773,40.2808,-8.4773,40.2808
1164,-8.4779,40.2843,-8.4779,40.2843
1165,-8.4802,40.2873,-8.4802,40.2873
1166,-8.4833,40.2904,-8.4833,40.2904
1167,-8.4852,40.2939,-8.4852,40.2939
1168,-8.4860,40.2976,-8.4860,40.2976
1169,-8.4860,40.3015,-8.4860,40.3015
1170,-8.4871,40.3055,-8.4871,40.3055
1171,-8.4888,40.3093,-8.4888,40.3093
1172,-8.4895,40.3132,-8.4895,40.3132
1173,-8.4900,40.3174,-8.4900,40.3174
1174,-8.4914,40.3212,-8.4914,40.3212
1175,-8.4924,40.3249,-8.4924,40.3249
1176,-8.4926,40.3286,-8.4926,40.3286
1177,-8.4927,40.3317,-8.4927,40.3317
1178,-8.4927,40.3331,-8.4927,40.3331
1179,-8.4925,40.3334,-8.4925,40.3334
1180,-8.4925,40.3334,-8.4925,40.3334
1181,-8.4925,40.3334,-8.4925,40.3334
1182,-8.4924,40.3335,-8.4924,40.3335
1183,-8.4924,40.3335,-8.4924,40.3335
1184,-8.4925,40.3335,-8.4925,40.3335
1185,-8.4925,40.3336,-8.4925,40.3336
1186,-8.4925,40.3336,-8.4925,40.3336
1187,-8.4925,40.3336,-8.4925,40.3336
1188,-8.4925,40.3336,-8.4925,40.3336
1189,-8.4925,40.3336,-8.4925,40.3336
1190,-8.4925,40.3335,-8.4925,40.3335
1191,-8.4925,40.3335,-8.4925,40.3335
1192,-8.4925,40.3336,-8.4925,40.3336
1193,-8.4925,40.3336,-8.4925,40.3336
1194,-8.4925,40.3336,-8.4925,40.3336
1195,-8.4925,40.3335,-8.4925,40.3335
1196,-8.4925,40.3335,-8.4925,40.3335
1197,-8.4925,40.3335,-8.4925,40.3335
1198,-8.4928,40.3335,-8.4928,40.3335
1199,-8.4932,40.3341,-8.4932,40.3341
1200,-8.4941,40.3361,-8.4941,40.3361
1201,-8.4951,40.3389,-8.4951,40.3389
1202,-8.4955,40.3423,-8.4955,40.3423
1203,-8.4950,40.3462,-8.4950,40.3462
1204,-8.4946,40.3502,-8.4946,40.3502
1205,-8.4943,40.3544,-8.4943,40.3544
1206,-8.4931,40.3584,-8.4931,40.3584
1207,-8.4924,40.3628,-8.4924,40.3628
1208,-8.4929,40.3671,-8.4929,40.3671
1209,-8.4935,40.3713,-8.4935,40.3713
1210,-8.4932,40.3755,-8.4932,40.3755
1211,-8.4920,40.3795,-8.4920,40.3795
1212,-8.4903,40.3836,-8.4903,40.3836
1213,-8.4890,40.3879,-8.4890,40.3879
1214,-8.4889,40.3922,-8.4889,40.3922
1215,-8.4898,40.3963,-8.4898,40.3963
1216,-8.4909,40.4003,-8.4909,40.4003
1217,-8.4911,40.4041,-8.4911,40.4041
1218,-8.4917,40.4076,-8.4917,40.4076
1219,-8.4929,40.4107,-8.4929,40.4107
1220,-8.4945,40.4137,-8.4945,40.4137
1221,-8.4960,40.4174,-8.4960,40.4174
1222,-8.4972,40.4214,-8.4972,40.4214
1223,-8.4990,40.4254,-8.4990,40.4254
1224,-8.5017,40.4293,-8.5017,40.4293
1225,-8.5051,40.4327,-8.5051,40.4327
1226,-8.5090,40.4358,-8.5090,40.4358
1227,-8.5126,40.4390,-8.5126,40.4390
1228,-8.5154,40.4425,-8.5154,40.4425
1229,-8.5170,40.4463,-8.5170,40.4463
1230,-8.5175,40.4501,-8.5175,40.4501
1231,-8.5176,40.4541,-8.5176,40.4541
1232,-8.5181,40.4581,-8.5181,40.4581
1233,-8.5193,40.4620,-8.5193,40.4620
1234,-8.5207,40.4660,-8.5207,40.4660
1235,-8.5215,40.4701,-8.5215,40.4701
1236,-8.5215,40.4743,-8.5215,40.4743
1237,-8.5215,40.4785,-8.5215,40.4785
1238,-8.5222,40.4825,-8.5222,40.4825
1239,-8.5237,40.4865,-8.5237,40.4865
1240,-8.5261,40.4904,-8.5261,40.4904
1241,-8.5291,40.4941,-8.5291,40.4941
1242,-8.5310,40.4981,-8.5310,40.4981
1243,-8.5314,40.5020,-8.5314,40.5020
1244,-8.5325,40.5059,-8.5325,40.5059
1245,-8.5348,40.5094,-8.5348,40.5094
1246,-8.5383,40.5124,-8.5383,40.5124
1247,-8.5427,40.5148,-8.5427,40.5148
1248,-8.5468,40.5175,-8.5468,40.5175
1249,-8.5501,40.5207,-8.5501,40.5207
1250,-8.5525,40.5243,-8.5525,40.5243
1251,-8.5541,40.5283,-8.5541,40.5283
1252,-8.5557,40.5325,-8.5557,40.5325
1253,-8.5581,40.5364,-8.5581,40.5364
1254,-8.5608,40.5400,-8.5608,40.5400
1255,-8.5619,40.5439,-8.5619,40.5439
1256,-8.5608,40.5479,-8.5608,40.5479
1257,-8.5598,40.5519,-8.5598,40.5519
1258,-8.5604,40.5560,-8.5604,40.5560
1259,-8.5611,40.5601,-8.5611,40.5601
1260,-8.5610,40.5644,-8.5610,40.5644
1261,-8.5603,40.5686,-8.5603,40.5686
1262,-8.5607,40.5728,-8.5607,40.5728
1263,-8.5617,40.5768,-8.5617,40.5768
1264,-8.5611,40.5809,-8.5611,40.5809
1265,-8.5600,40.5852,-8.5600,40.5852
1266,-8.5607,40.5894,-8.5607,40.5894
1267,-8.5606,40.5936,-8.5606,40.5936
1268,-8.5586,40.5975,-8.5586,40.5975
1269,-8.5546,40.6009,-8.5546,40.6009
1270,-8.5513,40.6045,-8.5513,40.6045
1271,-8.5492,40.6082,-8.5492,40.6082
1272,-8.5468,40.6117,-8.5468,40.6117
1273,-8.5434,40.6148,-8.5434,40.6148
1274,-8.5403,40.6182,-8.5403,40.6182
1275,-8.5379,40.6216,-8.5379,40.6216
1276,-8.5361,40.6252,-8.5361,40.6252
1277,-8.5340,40.6288,-8.5340,40.6288
1278,-8.5302,40.6317,-8.5302,40.6317
1279,-8.5268,40.6348,-8.5268,40.6348
1280,-8.5244,40.6387,-8.5244,40.6387
1281,-8.5226,40.6428,-8.5226,40.6428
1282,-8.5199,40.6464,-8.5199,40.6464
1283,-8.5184,40.6505,-8.5184,40.6505
1284,-8.5182,40.6547,-8.5182,40.6547
1285,-8.5157,40.6586,-8.5157,40.6586
1286,-8.5144,40.6628,-8.5144,40.6628
1287,-8.5159,40.6668,-8.5159,40.6668
1288,-8.5180,40.6705,-8.5180,40.6705
1289,-8.5195,40.6748,-8.5195,40.6748
1290,-8.5192,40.6790,-8.5192,40.6790
1291,-8.5184,40.6830,-8.5184,40.6830
1292,-8.5198,40.6868,-8.5198,40.6868
1293,-8.5217,40.6907,-8.5217,40.6907
1294,-8.5228,40.6951,-8.5228,40.6951
1295,-8.5230,40.6995,-8.5230,40.6995
1296,-8.5223,40.7038,-8.5223,40.7038
1297,-8.5216,40.7081,-8.5216,40.7081
1298,-8.5217,40.7124,-8.5217,40.7124
1299,-8.5222,40.7167,-8.5222,40.7167
1300,-8.5222,40.7213,-8.5222,40.7213
1301,-8.5221,40.7259,-8.5221,40.7259
1302,-8.5225,40.7303,-8.5225,40.7303
1303,-8.5234,40.7343,-8.5234,40.7343
1304,-8.5249,40.7386,-8.5249,40.7386
1305,-8.5269,40.7426,-8.5269,40.7426
1306,-8.5293,40.7464,-8.5293,40.7464
1307,-8.5322,40.7500,-8.5322,40.7500
1308,-8.5349,40.7539,-8.5349,40.7539
1309,-8.5375,40.7579,-8.5375,40.7579
1310,-8.5402,40.7621,-8.5402,40.7621
1311,-8.5427,40.7661,-8.5427,40.7661
1312,-8.5437,40.7702,-8.5437,40.7702
1313,-8.5433,40.7744,-8.5433,40.7744
1314,-8.5436,40.7787,-8.5436,40.7787
1315,-8.5449,40.7830,-8.5449,40.7830
1316,-8.5470,40.7872,-8.5470,40.7872
1317,-8.5490,40.7917,-8.5490,40.7917
1318,-8.5494,40.7961,-8.5494,40.7961
1319,-8.5489,40.8002,-8.5489,40.8002
1320,-8.5483,40.8046,-8.5483,40.8046
1321,-8.5479,40.8091,-8.5479,40.8091
1322,-8.5481,40.8123,-8.5481,40.8123
1323,-8.5481,40.8123,-8.5481,40.8123
1324,-8.5481,40.8123,-8.5481,40.8123
1325,-8.5481,40.8123,-8.5481,40.8123
1326,-8.5481,40.8123,-8.5481,40.8123
1327,-8.5481,40.8123,-8.5481,40.8123
1328,-8.5481,40.8124,-8.5481,40.8124
1329,-8.5486,40.8147,-8.5486,40.8147
1330,-8.5500,40.8183,-8.5500,40.8183
1331,-8.5519,40.8222,-8.5519,40.8222
1332,-8.5535,40.8264,-8.5535,40.8264
1333,-8.5545,40.8308,-8.5545,40.8308
1334,-8.5547,40.8356,-8.5547,40.8356
1335,-8.5551,40.8404,-8.5551,40.8404
1336,-8.5568,40.8450,-8.5568,40.8450
1337,-8.5573,40.8496,-8.5573,40.8496
1338,-8.5555,40.8542,-8.5555,40.8542
1339,-8.5558,40.8586,-8.5558,40.8586
1340,-8.5578,40.8630,-8.5578,40.8630
1341,-8.5594,40.8676,-8.5594,40.8676
1342,-8.5601,40.8723,-8.5601,40.8723
1343,-8.5604,40.8771,-8.5604,40.8771
1344,-8.5613,40.8817,-8.5613,40.8817
1345,-8.5648,40.8854,-8.5648,40.8854
1346,-8.5678,40.8893,-8.5678,40.8893
1347,-8.5684,40.8941,-8.5684,40.8941
1348,-8.5677,40.8988,-8.5677,40.8988
1349,-8.5667,40.9032,-8.5667,40.9032
1350,-8.5670,40.9075,-8.5670,40.9075
1351,-8.5677,40.9121,-8.5677,40.9121
1352,-8.5677,40.9169,-8.5677,40.9169
1353,-8.5675,40.9214,-8.5675,40.9214
1354,-8.5680,40.9258,-8.5680,40.9258
1355,-8.5694,40.9300,-8.5694,40.9300
1356,-8.5716,40.9342,-8.5716,40.9342
1357,-8.5736,40.9387,-8.5736,40.9387
1358,-8.5743,40.9432,-8.5743,40.9432
1359,-8.5733,40.9477,-8.5733,40.9477
1360,-8.5725,40.9522,-8.5725,40.9522
1361,-8.5712,40.9565,-8.5712,40.9565
1362,-8.5681,40.9604,-8.5681,40.9604
1363,-8.5676,40.9648,-8.5676,40.9648
1364,-8.5699,40.9686,-8.5699,40.9686
1365,-8.5726,40.9723,-8.5726,40.9723
1366,-8.5757,40.9764,-8.5757,40.9764
1367,-8.5771,40.9809,-8.5771,40.9809
1368,-8.5804,40.9846,-8.5804,40.9846
1369,-8.5844,40.9879,-8.5844,40.9879
1370,-8.5856,40.9922,-8.5856,40.9922
1371,-8.5839,40.9964,-8.5839,40.9964
1372,-8.5832,41.0007,-8.5832,41.0007
1373,-8.5823,41.0052,-8.5823,41.0052
1374,-8.5825,41.0096,-8.5825,41.0096
1375,-8.5827,41.0138,-8.5827,41.0138
1376,-8.5820,41.0170,-8.5820,41.0170
1377,-8.5807,41.0196,-8.5807,41.0196
1378,-8.5777,41.0227,-8.5777,41.0227
1379,-8.5742,41.0257,-8.5742,41.0257
1380,-8.5720,41.0293,-8.5720,41.0293
1381,-8.5720,41.0335,-8.5720,41.0335
1382,-8.5706,41.0377,-8.5706,41.0377
1383,-8.5699,41.0419,-8.5699,41.0419
1384,-8.5710,41.0461,-8.5710,41.0461
1385,-8.5719,41.0505,-8.5719,41.0505
1386,-8.5752,41.0539,-8.5752,41.0539
1387,-8.5780,41.0576,-8.5780,41.0576
1388,-8.5793,41.0619,-8.5793,41.0619
1389,-8.5812,41.0659,-8.5812,41.0659
1390,-8.5819,41.0700,-8.5819,41.0700
1391,-8.5805,41.0737,-8.5805,41.0737
1392,-8.5778,41.0773,-8.5778,41.0773
1393,-8.5755,41.0811,-8.5755,41.0811
1394,-8.5755,41.0855,-8.5755,41.0855
1395,-8.5753,41.0898,-8.5753,41.0898
1396,-8.5734,41.0939,-8.5734,41.0939
1397,-8.5723,41.0980,-8.5723,41.0980
1398,-8.5691,41.1013,-8.5691,41.1013
1399,-8.5663,41.1048,-8.5663,41.1048
1400,-8.5656,41.1088,-8.5656,41.1088
1401,-8.5681,41.1123,-8.5681,41.1123
1402,-8.5710,41.1154,-8.5710,41.1154
1403,-8.5721,41.1189,-8.5721,41.1189
1404,-8.5731,41.1230,-8.5731,41.1230
1405,-8.5745,41.1270,-8.5745,41.1270
1406,-8.5760,41.1307,-8.5760,41.1307
1407,-8.5768,41.1342,-8.5768,41.1342
1408,-8.5798,41.1367,-8.5798,41.1367
1409,-8.5807,41.1399,-8.5807,41.1399
1410,-8.5808,41.1430,-8.5808,41.1430
1411,-8.5809,41.1458,-8.5809,41.1458
1412,-8.5796,41.1481,-8.5796,41.1481
1413,-8.5787,41.1502,-8.5787,41.1502
1414,-8.5774,41.1510,-8.5774,41.1510
1415,-8.5796,41.1497,-8.5796,41.1497
1416,-8.5815,41.1479,-8.5815,41.1479
1417,-8.5800,41.1464,-8.5800,41.1464
1418,-8.5795,41.1461,-8.5795,41.1461
1419,-8.5782,41.1451,-8.5782,41.1451
1420,-8.5774,41.1444,-8.5774,41.1444
1421,-8.5757,41.1439,-8.5757,41.1439
1422,-8.5758,41.1434,-8.5758,41.1434
1423,-8.5756,41.1431,-8.5756,41.1431
1424,-8.5748,41.1427,-8.5748,41.1427
1425,-8.5747,41.1427,-8.5747,41.1427
1426,-8.5747,41.1428,-8.5747,41.1428
1427,-8.5747,41.1428,-8.5747,41.1428
1428,-8.5747,41.1427,-8.5747,41.1427
1429,-8.5747,41.1427,-8.5747,41.1427
1430,-8.5747,41.1428,-8.5747,41.1428
1431,-8.5747,41.1427,-8.5747,41.1427
1432,-8.5747,41.1427,-8.5747,41.1427
1433,-8.5747,41.1427,-8.5747,41.1427
1434,-8.5747,41.1427,-8.5747,41.1427
1435,-8.5747,41.1428,-8.5747,41.1428
1436,-8.5747,41.1428,-8.5747,41.1428
