1,-8.6530,41.1750,-8.6530,41.1750
2,-8.6518,41.1749,-8.6518,41.1749
3,-8.6503,41.1736,-8.6503,41.1736
4,-8.6481,41.1718,-8.6481,41.1718
5,-8.6459,41.1699,-8.6459,41.1699
6,-8.6447,41.1690,-8.6447,41.1690
7,-8.6427,41.1674,-8.6427,41.1674
8,-8.6405,41.1656,-8.6405,41.1656
9,-8.6395,41.1646,-8.6395,41.1646
10,-8.6392,41.1642,-8.6392,41.1642
11,-8.6392,41.1642,-8.6392,41.1642
12,-8.6392,41.1642,-8.6392,41.1642
13,-8.6392,41.1642,-8.6392,41.1642
14,-8.6392,41.1641,-8.6392,41.1641
15,-8.6392,41.1642,-8.6392,41.1642
16,-8.6392,41.1641,-8.6392,41.1641
17,-8.6396,41.1639,-8.6396,41.1639
18,-8.6397,41.1640,-8.6397,41.1640
19,-8.6396,41.1641,-8.6396,41.1641
20,-8.6395,41.1641,-8.6395,41.1641
21,-8.6396,41.1641,-8.6396,41.1641
22,-8.6397,41.1641,-8.6397,41.1641
23,-8.6397,41.1641,-8.6397,41.1641
24,-8.6397,41.1641,-8.6397,41.1641
25,-8.6397,41.1641,-8.6397,41.1641
26,-8.6396,41.1641,-8.6396,41.1641
27,-8.6396,41.1641,-8.6396,41.1641
28,-8.6397,41.1641,-8.6397,41.1641
29,-8.6397,41.1642,-8.6397,41.1642
30,-8.6397,41.1642,-8.6397,41.1642
31,-8.6396,41.1641,-8.6396,41.1641
32,-8.6397,41.1641,-8.6397,41.1641
33,-8.6397,41.1641,-8.6397,41.1641
34,-8.6397,41.1642,-8.6397,41.1642
35,-8.6397,41.1641,-8.6397,41.1641
36,-8.6397,41.1640,-8.6397,41.1640
37,-8.6397,41.1640,-8.6397,41.1640
38,-8.6397,41.1641,-8.6397,41.1641
39,-8.6397,41.1640,-8.6397,41.1640
40,-8.6397,41.1640,-8.6397,41.1640
41,-8.6397,41.1640,-8.6397,41.1640
42,-8.6397,41.1640,-8.6397,41.1640
43,-8.6397,41.1640,-8.6397,41.1640
44,-8.6397,41.1640,-8.6397,41.1640
45,-8.6398,41.1641,-8.6398,41.1641
46,-8.6397,41.1641,-8.6397,41.1641
47,-8.6397,41.1640,-8.6397,41.1640
48,-8.6397,41.1641,-8.6397,41.1641
49,-8.6397,41.1641,-8.6397,41.1641
50,-8.6397,41.1641,-8.6397,41.1641
51,-8.6397,41.1642,-8.6397,41.1642
52,-8.6397,41.1642,-8.6397,41.1642
53,-8.6397,41.1642,-8.6397,41.1642
54,-8.6397,41.1642,-8.6397,41.1642
55,-8.6397,41.1641,-8.6397,41.1641
56,-8.6397,41.1641,-8.6397,41.1641
57,-8.6397,41.1641,-8.6397,41.1641
58,-8.6397,41.1642,-8.6397,41.1642
59,-8.6397,41.1643,-8.6397,41.1643
60,-8.6397,41.1642,-8.6397,41.1642
61,-8.6396,41.1643,-8.6396,41.1643
62,-8.6395,41.1643,-8.6395,41.1643
63,-8.6395,41.1642,-8.6395,41.1642
64,-8.6395,41.1642,-8.6395,41.1642
65,-8.6395,41.1642,-8.6395,41.1642
66,-8.6400,41.1646,-8.6400,41.1646
67,-8.6390,41.1648,-8.6390,41.1648
68,-8.6401,41.1657,-8.6401,41.1657
69,-8.6391,41.1660,-8.6391,41.1660
70,-8.6384,41.1667,-8.6384,41.1667
71,-8.6376,41.1680,-8.6376,41.1680
72,-8.6365,41.1686,-8.6365,41.1686
73,-8.6352,41.1682,-8.6352,41.1682
74,-8.6345,41.1671,-8.6345,41.1671
75,-8.6328,41.1668,-8.6328,41.1668
76,-8.6302,41.1668,-8.6302,41.1668
77,-8.6276,41.1668,-8.6276,41.1668
78,-8.6283,41.1675,-8.6283,41.1675
79,-8.6305,41.1680,-8.6305,41.1680
80,-8.6317,41.1682,-8.6317,41.1682
81,-8.6320,41.1685,-8.6320,41.1685
82,-8.6328,41.1682,-8.6328,41.1682
83,-8.6328,41.1682,-8.6328,41.1682
84,-8.6332,41.1681,-8.6332,41.1681
85,-8.6335,41.1675,-8.6335,41.1675
86,-8.6333,41.1672,-8.6333,41.1672
87,-8.6334,41.1669,-8.6334,41.1669
88,-8.6326,41.1660,-8.6326,41.1660
89,-8.6319,41.1648,-8.6319,41.1648
90,-8.6319,41.1647,-8.6319,41.1647
91,-8.6320,41.1647,-8.6320,41.1647
92,-8.6320,41.1646,-8.6320,41.1646
93,-8.6319,41.1645,-8.6319,41.1645
94,-8.6336,41.1638,-8.6336,41.1638
95,-8.6359,41.1641,-8.6359,41.1641
96,-8.6376,41.1646,-8.6376,41.1646
97,-8.6392,41.1653,-8.6392,41.1653
98,-8.6408,41.1663,-8.6408,41.1663
99,-8.6404,41.1682,-8.6404,41.1682
100,-8.6379,41.1701,-8.6379,41.1701
101,-8.6336,41.1716,-8.6336,41.1716
102,-8.6287,41.1726,-8.6287,41.1726
103,-8.6239,41.1732,-8.6239,41.1732
104,-8.6191,41.1737,-8.6191,41.1737
105,-8.6145,41.1743,-8.6145,41.1743
106,-8.6101,41.1742,-8.6101,41.1742
107,-8.6060,41.1720,-8.6060,41.1720
108,-8.6015,41.1712,-8.6015,41.1712
109,-8.5978,41.1714,-8.5978,41.1714
110,-8.5958,41.1711,-8.5958,41.1711
111,-8.5945,41.1738,-8.5945,41.1738
112,-8.5933,41.1776,-8.5933,41.1776
113,-8.5931,41.1822,-8.5931,41.1822
114,-8.5944,41.1864,-8.5944,41.1864
115,-8.5943,41.1898,-8.5943,41.1898
116,-8.5920,41.1924,-8.5920,41.1924
117,-8.5898,41.1949,-8.5898,41.1949
118,-8.5874,41.1968,-8.5874,41.1968
119,-8.5839,41.1985,-8.5839,41.1985
120,-8.5798,41.1991,-8.5798,41.1991
121,-8.5714,41.1986,-8.5714,41.1986
122,-8.5669,41.2005,-8.5669,41.2005
123,-8.5620,41.2016,-8.5620,41.2016
124,-8.5569,41.2010,-8.5569,41.2010
125,-8.5524,41.2010,-8.5524,41.2010
126,-8.5496,41.2012,-8.5496,41.2012
127,-8.5449,41.2013,-8.5449,41.2013
128,-8.5390,41.2014,-8.5390,41.2014
129,-8.5330,41.2024,-8.5330,41.2024
130,-8.5270,41.2033,-8.5270,41.2033
131,-8.5216,41.2017,-8.5216,41.2017
132,-8.5171,41.1992,-8.5171,41.1992
133,-8.5114,41.1980,-8.5114,41.1980
134,-8.5059,41.1970,-8.5059,41.1970
135,-8.5001,41.1969,-8.5001,41.1969
136,-8.4944,41.1967,-8.4944,41.1967
137,-8.4887,41.1963,-8.4887,41.1963
138,-8.4841,41.1940,-8.4841,41.1940
139,-8.4807,41.1904,-8.4807,41.1904
140,-8.4760,41.1880,-8.4760,41.1880
141,-8.4704,41.1869,-8.4704,41.1869
142,-8.4647,41.1876,-8.4647,41.1876
143,-8.4591,41.1868,-8.4591,41.1868
144,-8.4539,41.1852,-8.4539,41.1852
145,-8.4493,41.1827,-8.4493,41.1827
146,-8.4448,41.1800,-8.4448,41.1800
147,-8.4413,41.1765,-8.4413,41.1765
148,-8.4368,41.1740,-8.4368,41.1740
149,-8.4314,41.1726,-8.4314,41.1726
150,-8.4258,41.1732,-8.4258,41.1732
151,-8.4206,41.1751,-8.4206,41.1751
152,-8.4151,41.1742,-8.4151,41.1742
153,-8.4105,41.1713,-8.4105,41.1713
154,-8.4057,41.1680,-8.4057,41.1680
155,-8.4006,41.1652,-8.4006,41.1652
156,-8.3943,41.1652,-8.3943,41.1652
157,-8.3885,41.1674,-8.3885,41.1674
158,-8.3835,41.1707,-8.3835,41.1707
159,-8.3788,41.1740,-8.3788,41.1740
160,-8.3772,41.1789,-8.3772,41.1789
161,-8.3746,41.1830,-8.3746,41.1830
162,-8.3692,41.1844,-8.3692,41.1844
163,-8.3648,41.1875,-8.3648,41.1875
164,-8.3600,41.1908,-8.3600,41.1908
165,-8.3558,41.1948,-8.3558,41.1948
166,-8.3503,41.1973,-8.3503,41.1973
167,-8.3439,41.1988,-8.3439,41.1988
168,-8.3371,41.1991,-8.3371,41.1991
169,-8.3306,41.1974,-8.3306,41.1974
170,-8.3242,41.1984,-8.3242,41.1984
171,-8.3186,41.2007,-8.3186,41.2007
172,-8.3139,41.2018,-8.3139,41.2018
173,-8.3103,41.2015,-8.3103,41.2015
174,-8.3087,41.2015,-8.3087,41.2015
175,-8.3100,41.2029,-8.3100,41.2029
176,-8.3134,41.2024,-8.3134,41.2024
177,-8.3160,41.2022,-8.3160,41.2022
178,-8.3162,41.2021,-8.3162,41.2021
179,-8.3152,41.2012,-8.3152,41.2012
180,-8.3125,41.2002,-8.3125,41.2002
181,-8.3099,41.1994,-8.3099,41.1994
182,-8.3079,41.1982,-8.3079,41.1982
183,-8.3069,41.1964,-8.3069,41.1964
184,-8.3058,41.1947,-8.3058,41.1947
185,-8.3041,41.1937,-8.3041,41.1937
186,-8.3015,41.1936,-8.3015,41.1936
187,-8.2995,41.1929,-8.2995,41.1929
188,-8.2994,41.1919,-8.2994,41.1919
189,-8.3012,41.1910,-8.3012,41.1910
190,-8.3022,41.1895,-8.3022,41.1895
191,-8.3037,41.1874,-8.3037,41.1874
192,-8.3050,41.1852,-8.3050,41.1852
193,-8.3057,41.1829,-8.3057,41.1829
194,-8.3065,41.1809,-8.3065,41.1809
195,-8.3064,41.1784,-8.3064,41.1784
196,-8.3063,41.1760,-8.3063,41.1760
197,-8.3060,41.1736,-8.3060,41.1736
198,-8.3054,41.1716,-8.3054,41.1716
199,-8.3055,41.1695,-8.3055,41.1695
200,-8.3054,41.1674,-8.3054,41.1674
201,-8.3054,41.1663,-8.3054,41.1663
202,-8.3059,41.1643,-8.3059,41.1643
203,-8.3054,41.1624,-8.3054,41.1624
204,-8.3049,41.1613,-8.3049,41.1613
205,-8.3039,41.1593,-8.3039,41.1593
206,-8.3036,41.1586,-8.3036,41.1586
207,-8.3025,41.1565,-8.3025,41.1565
208,-8.3012,41.1542,-8.3012,41.1542
209,-8.2998,41.1516,-8.2998,41.1516
210,-8.2985,41.1491,-8.2985,41.1491
211,-8.2976,41.1471,-8.2976,41.1471
212,-8.2972,41.1468,-8.2972,41.1468
213,-8.2964,41.1456,-8.2964,41.1456
214,-8.2956,41.1437,-8.2956,41.1437
215,-8.2954,41.1429,-8.2954,41.1429
216,-8.2947,41.1410,-8.2947,41.1410
217,-8.2941,41.1390,-8.2941,41.1390
218,-8.2938,41.1373,-8.2938,41.1373
219,-8.2938,41.1347,-8.2938,41.1347
220,-8.2938,41.1322,-8.2938,41.1322
221,-8.2939,41.1297,-8.2939,41.1297
222,-8.2942,41.1273,-8.2942,41.1273
223,-8.2946,41.1250,-8.2946,41.1250
224,-8.2948,41.1233,-8.2948,41.1233
225,-8.2944,41.1219,-8.2944,41.1219
226,-8.2938,41.1200,-8.2938,41.1200
227,-8.2937,41.1182,-8.2937,41.1182
228,-8.2934,41.1160,-8.2934,41.1160
229,-8.2928,41.1136,-8.2928,41.1136
230,-8.2930,41.1112,-8.2930,41.1112
231,-8.2940,41.1091,-8.2940,41.1091
232,-8.2927,41.1073,-8.2927,41.1073
233,-8.2921,41.1050,-8.2921,41.1050
234,-8.2919,41.1028,-8.2919,41.1028
235,-8.2922,41.1011,-8.2922,41.1011
236,-8.2926,41.0989,-8.2926,41.0989
237,-8.2916,41.0974,-8.2916,41.0974
238,-8.2934,41.0967,-8.2934,41.0967
239,-8.2934,41.0959,-8.2934,41.0959
240,-8.2929,41.0941,-8.2929,41.0941
241,-8.2929,41.0920,-8.2929,41.0920
242,-8.2926,41.0906,-8.2926,41.0906
243,-8.2917,41.0895,-8.2917,41.0895
244,-8.2925,41.0880,-8.2925,41.0880
245,-8.2942,41.0850,-8.2942,41.0850
246,-8.2966,41.0828,-8.2966,41.0828
247,-8.2954,41.0802,-8.2954,41.0802
248,-8.2929,41.0774,-8.2929,41.0774
249,-8.2899,41.0749,-8.2899,41.0749
250,-8.2874,41.0723,-8.2874,41.0723
251,-8.2860,41.0686,-8.2860,41.0686
252,-8.2839,41.0654,-8.2839,41.0654
253,-8.2842,41.0621,-8.2842,41.0621
254,-8.2824,41.0591,-8.2824,41.0591
255,-8.2786,41.0599,-8.2786,41.0599
256,-8.2752,41.0621,-8.2752,41.0621
257,-8.2710,41.0614,-8.2710,41.0614
258,-8.2669,41.0603,-8.2669,41.0603
259,-8.2633,41.0613,-8.2633,41.0613
260,-8.2630,41.0621,-8.2630,41.0621
261,-8.2618,41.0635,-8.2618,41.0635
262,-8.2606,41.0625,-8.2606,41.0625
263,-8.2603,41.0611,-8.2603,41.0611
264,-8.2588,41.0605,-8.2588,41.0605
265,-8.2576,41.0612,-8.2576,41.0612
266,-8.2559,41.0618,-8.2559,41.0618
267,-8.2566,41.0635,-8.2566,41.0635
268,-8.2559,41.0649,-8.2559,41.0649
269,-8.2555,41.0654,-8.2555,41.0654
270,-8.2543,41.0667,-8.2543,41.0667
271,-8.2528,41.0672,-8.2528,41.0672
272,-8.2510,41.0667,-8.2510,41.0667
273,-8.2490,41.0666,-8.2490,41.0666
274,-8.2465,41.0670,-8.2465,41.0670
275,-8.2445,41.0660,-8.2445,41.0660
276,-8.2425,41.0657,-8.2425,41.0657
277,-8.2407,41.0655,-8.2407,41.0655
278,-8.2387,41.0661,-8.2387,41.0661
279,-8.2367,41.0669,-8.2367,41.0669
280,-8.2342,41.0675,-8.2342,41.0675
281,-8.2328,41.0687,-8.2328,41.0687
282,-8.2316,41.0701,-8.2316,41.0701
283,-8.2294,41.0700,-8.2294,41.0700
284,-8.2283,41.0710,-8.2283,41.0710
285,-8.2264,41.0713,-8.2264,41.0713
286,-8.2264,41.0731,-8.2264,41.0731
287,-8.2242,41.0734,-8.2242,41.0734
288,-8.2214,41.0732,-8.2214,41.0732
289,-8.2190,41.0734,-8.2190,41.0734
290,-8.2174,41.0742,-8.2174,41.0742
291,-8.2150,41.0748,-8.2150,41.0748
292,-8.2136,41.0758,-8.2136,41.0758
293,-8.2115,41.0758,-8.2115,41.0758
294,-8.2096,41.0763,-8.2096,41.0763
295,-8.2076,41.0767,-8.2076,41.0767
296,-8.2058,41.0772,-8.2058,41.0772
297,-8.2043,41.0786,-8.2043,41.0786
298,-8.2017,41.0789,-8.2017,41.0789
299,-8.1999,41.0796,-8.1999,41.0796
300,-8.1986,41.0809,-8.1986,41.0809
301,-8.1981,41.0795,-8.1981,41.0795
302,-8.1967,41.0776,-8.1967,41.0776
303,-8.1951,41.0765,-8.1951,41.0765
304,-8.1941,41.0746,-8.1941,41.0746
305,-8.1930,41.0728,-8.1930,41.0728
306,-8.1909,41.0715,-8.1909,41.0715
307,-8.1887,41.0723,-8.1887,41.0723
308,-8.1869,41.0740,-8.1869,41.0740
309,-8.1854,41.0752,-8.1854,41.0752
310,-8.1841,41.0766,-8.1841,41.0766
311,-8.1813,41.0779,-8.1813,41.0779
312,-8.1793,41.0793,-8.1793,41.0793
313,-8.1777,41.0783,-8.1777,41.0783
314,-8.1760,41.0774,-8.1760,41.0774
315,-8.1738,41.0780,-8.1738,41.0780
316,-8.1711,41.0795,-8.1711,41.0795
317,-8.1685,41.0809,-8.1685,41.0809
318,-8.1661,41.0811,-8.1661,41.0811
319,-8.1639,41.0799,-8.1639,41.0799
320,-8.1609,41.0804,-8.1609,41.0804
321,-8.1599,41.0790,-8.1599,41.0790
322,-8.1597,41.0767,-8.1597,41.0767
323,-8.1587,41.0748,-8.1587,41.0748
324,-8.1562,41.0748,-8.1562,41.0748
325,-8.1561,41.0725,-8.1561,41.0725
326,-8.1545,41.0732,-8.1545,41.0732
327,-8.1524,41.0745,-8.1524,41.0745
328,-8.1504,41.0735,-8.1504,41.0735
329,-8.1481,41.0728,-8.1481,41.0728
330,-8.1462,41.0714,-8.1462,41.0714
331,-8.1455,41.0694,-8.1455,41.0694
332,-8.1456,41.0674,-8.1456,41.0674
333,-8.1441,41.0655,-8.1441,41.0655
334,-8.1451,41.0640,-8.1451,41.0640
335,-8.1444,41.0629,-8.1444,41.0629
336,-8.1418,41.0644,-8.1418,41.0644
337,-8.1401,41.0664,-8.1401,41.0664
338,-8.1384,41.0682,-8.1384,41.0682
339,-8.1356,41.0685,-8.1356,41.0685
340,-8.1346,41.0702,-8.1346,41.0702
341,-8.1324,41.0709,-8.1324,41.0709
342,-8.1308,41.0725,-8.1308,41.0725
343,-8.1293,41.0741,-8.1293,41.0741
344,-8.1274,41.0759,-8.1274,41.0759
345,-8.1264,41.0779,-8.1264,41.0779
346,-8.1240,41.0783,-8.1240,41.0783
347,-8.1222,41.0765,-8.1222,41.0765
348,-8.1204,41.0754,-8.1204,41.0754
349,-8.1178,41.0752,-8.1178,41.0752
350,-8.1158,41.0743,-8.1158,41.0743
351,-8.1136,41.0740,-8.1136,41.0740
352,-8.1129,41.0747,-8.1129,41.0747
353,-8.1143,41.0763,-8.1143,41.0763
354,-8.1129,41.0778,-8.1129,41.0778
355,-8.1112,41.0794,-8.1112,41.0794
356,-8.1091,41.0813,-8.1091,41.0813
357,-8.1088,41.0823,-8.1088,41.0823
358,-8.1071,41.0824,-8.1071,41.0824
359,-8.1055,41.0809,-8.1055,41.0809
360,-8.1041,41.0796,-8.1041,41.0796
361,-8.1017,41.0792,-8.1017,41.0792
362,-8.0999,41.0783,-8.0999,41.0783
363,-8.0978,41.0779,-8.0978,41.0779
364,-8.0972,41.0771,-8.0972,41.0771
365,-8.0966,41.0766,-8.0966,41.0766
366,-8.0963,41.0761,-8.0963,41.0761
367,-8.0957,41.0751,-8.0957,41.0751
368,-8.0950,41.0751,-8.0950,41.0751
369,-8.0947,41.0757,-8.0947,41.0757
370,-8.0947,41.0756,-8.0947,41.0756
371,-8.0950,41.0753,-8.0950,41.0753
372,-8.0949,41.0748,-8.0949,41.0748
373,-8.0946,41.0748,-8.0946,41.0748
374,-8.0946,41.0750,-8.0946,41.0750
375,-8.0947,41.0749,-8.0947,41.0749
376,-8.0947,41.0749,-8.0947,41.0749
377,-8.0947,41.0750,-8.0947,41.0750
378,-8.0947,41.0750,-8.0947,41.0750
379,-8.0947,41.0750,-8.0947,41.0750
380,-8.0947,41.0750,-8.0947,41.0750
381,-8.0947,41.0750,-8.0947,41.0750
382,-8.0947,41.0750,-8.0947,41.0750
383,-8.0947,41.0750,-8.0947,41.0750
384,-8.0947,41.0750,-8.0947,41.0750
385,-8.0946,41.0750,-8.0946,41.0750
386,-8.0946,41.0750,-8.0946,41.0750
387,-8.0946,41.0750,-8.0946,41.0750
388,-8.0946,41.0750,-8.0946,41.0750
389,-8.0946,41.0750,-8.0946,41.0750
390,-8.0946,41.0750,-8.0946,41.0750
391,-8.0946,41.0750,-8.0946,41.0750
392,-8.0946,41.0750,-8.0946,41.0750
393,-8.0946,41.0750,-8.0946,41.0750
394,-8.0947,41.0749,-8.0947,41.0749
395,-8.0947,41.0749,-8.0947,41.0749
396,-8.0947,41.0749,-8.0947,41.0749
397,-8.0947,41.0749,-8.0947,41.0749
398,-8.0947,41.0749,-8.0947,41.0749
399,-8.0947,41.0749,-8.0947,41.0749
400,-8.0947,41.0750,-8.0947,41.0750
401,-8.0947,41.0750,-8.0947,41.0750
402,-8.0947,41.0750,-8.0947,41.0750
403,-8.0946,41.0750,-8.0946,41.0750
404,-8.0946,41.0750,-8.0946,41.0750
405,-8.0946,41.0750,-8.0946,41.0750
406,-8.0947,41.0750,-8.0947,41.0750
407,-8.0947,41.0750,-8.0947,41.0750
408,-8.0946,41.0750,-8.0946,41.0750
409,-8.0946,41.0750,-8.0946,41.0750
410,-8.0946,41.0750,-8.0946,41.0750
411,-8.0946,41.0750,-8.0946,41.0750
412,-8.0946,41.0750,-8.0946,41.0750
413,-8.0946,41.0750,-8.0946,41.0750
414,-8.0946,41.0750,-8.0946,41.0750
415,-8.0946,41.0750,-8.0946,41.0750
416,-8.0946,41.0750,-8.0946,41.0750
417,-8.0946,41.0750,-8.0946,41.0750
418,-8.0946,41.0750,-8.0946,41.0750
419,-8.0946,41.0750,-8.0946,41.0750
420,-8.0946,41.0750,-8.0946,41.0750
421,-8.0947,41.0750,-8.0947,41.0750
422,-8.0947,41.0750,-8.0947,41.0750
423,-8.0947,41.0750,-8.0947,41.0750
424,-8.0947,41.0750,-8.0947,41.0750
425,-8.0946,41.0750,-8.0946,41.0750
426,-8.0946,41.0750,-8.0946,41.0750
427,-8.0946,41.0751,-8.0946,41.0751
428,-8.0946,41.0751,-8.0946,41.0751
429,-8.0946,41.0751,-8.0946,41.0751
430,-8.0946,41.0751,-8.0946,41.0751
431,-8.0946,41.0751,-8.0946,41.0751
432,-8.0946,41.0750,-8.0946,41.0750
433,-8.0946,41.0750,-8.0946,41.0750
434,-8.0946,41.0750,-8.0946,41.0750
435,-8.0946,41.0750,-8.0946,41.0750
436,-8.0946,41.0749,-8.0946,41.0749
437,-8.0947,41.0749,-8.0947,41.0749
438,-8.0947,41.0749,-8.0947,41.0749
439,-8.0947,41.0749,-8.0947,41.0749
440,-8.0947,41.0749,-8.0947,41.0749
441,-8.0947,41.0749,-8.0947,41.0749
442,-8.0946,41.0749,-8.0946,41.0749
443,-8.0946,41.0749,-8.0946,41.0749
444,-8.0947,41.0749,-8.0947,41.0749
445,-8.0947,41.0749,-8.0947,41.0749
446,-8.0947,41.0749,-8.0947,41.0749
447,-8.0946,41.0749,-8.0946,41.0749
448,-8.0946,41.0750,-8.0946,41.0750
449,-8.0946,41.0750,-8.0946,41.0750
450,-8.0946,41.0750,-8.0946,41.0750
451,-8.0946,41.0750,-8.0946,41.0750
452,-8.0946,41.0750,-8.0946,41.0750
453,-8.0946,41.0749,-8.0946,41.0749
454,-8.0946,41.0749,-8.0946,41.0749
455,-8.0946,41.0749,-8.0946,41.0749
456,-8.0946,41.0749,-8.0946,41.0749
457,-8.0946,41.0749,-8.0946,41.0749
458,-8.0946,41.0750,-8.0946,41.0750
459,-8.0946,41.0750,-8.0946,41.0750
460,-8.0946,41.0750,-8.0946,41.0750
461,-8.0946,41.0750,-8.0946,41.0750
462,-8.0946,41.0750,-8.0946,41.0750
463,-8.0946,41.0750,-8.0946,41.0750
464,-8.0946,41.0750,-8.0946,41.0750
465,-8.0946,41.0750,-8.0946,41.0750
466,-8.0946,41.0750,-8.0946,41.0750
467,-8.0946,41.0750,-8.0946,41.0750
468,-8.0946,41.0750,-8.0946,41.0750
469,-8.0946,41.0750,-8.0946,41.0750
470,-8.0946,41.0750,-8.0946,41.0750
471,-8.0946,41.0750,-8.0946,41.0750
472,-8.0946,41.0750,-8.0946,41.0750
473,-8.0946,41.0750,-8.0946,41.0750
474,-8.0946,41.0750,-8.0946,41.0750
475,-8.0946,41.0750,-8.0946,41.0750
476,-8.0946,41.0750,-8.0946,41.0750
477,-8.0946,41.0750,-8.0946,41.0750
478,-8.0947,41.0749,-8.0947,41.0749
479,-8.0947,41.0750,-8.0947,41.0750
480,-8.0946,41.0750,-8.0946,41.0750
481,-8.0946,41.0750,-8.0946,41.0750
482,-8.0946,41.0750,-8.0946,41.0750
483,-8.0946,41.0750,-8.0946,41.0750
484,-8.0946,41.0750,-8.0946,41.0750
485,-8.0946,41.0750,-8.0946,41.0750
486,-8.0946,41.0750,-8.0946,41.0750
487,-8.0946,41.0750,-8.0946,41.0750
488,-8.0946,41.0750,-8.0946,41.0750
489,-8.0946,41.0750,-8.0946,41.0750
490,-8.0946,41.0750,-8.0946,41.0750
491,-8.0946,41.0750,-8.0946,41.0750
492,-8.0946,41.0750,-8.0946,41.0750
493,-8.0946,41.0751,-8.0946,41.0751
494,-8.0946,41.0751,-8.0946,41.0751
495,-8.0946,41.0750,-8.0946,41.0750
496,-8.0946,41.0750,-8.0946,41.0750
497,-8.0946,41.0750,-8.0946,41.0750
498,-8.0946,41.0750,-8.0946,41.0750
499,-8.0946,41.0750,-8.0946,41.0750
500,-8.0946,41.0750,-8.0946,41.0750
501,-8.0946,41.0750,-8.0946,41.0750
502,-8.0946,41.0750,-8.0946,41.0750
503,-8.0946,41.0750,-8.0946,41.0750
504,-8.0946,41.0750,-8.0946,41.0750
505,-8.0946,41.0750,-8.0946,41.0750
506,-8.0946,41.0750,-8.0946,41.0750
507,-8.0946,41.0750,-8.0946,41.0750
508,-8.0946,41.0750,-8.0946,41.0750
509,-8.0946,41.0750,-8.0946,41.0750
510,-8.0946,41.0750,-8.0946,41.0750
511,-8.0946,41.0750,-8.0946,41.0750
512,-8.0946,41.0750,-8.0946,41.0750
513,-8.0946,41.0750,-8.0946,41.0750
514,-8.0946,41.0750,-8.0946,41.0750
515,-8.0946,41.0749,-8.0946,41.0749
516,-8.0946,41.0749,-8.0946,41.0749
517,-8.0946,41.0749,-8.0946,41.0749
518,-8.0946,41.0749,-8.0946,41.0749
519,-8.0946,41.0749,-8.0946,41.0749
520,-8.0946,41.0749,-8.0946,41.0749
521,-8.0946,41.0750,-8.0946,41.0750
522,-8.0946,41.0750,-8.0946,41.0750
523,-8.0947,41.0749,-8.0947,41.0749
524,-8.0947,41.0749,-8.0947,41.0749
525,-8.0947,41.0750,-8.0947,41.0750
526,-8.0947,41.0750,-8.0947,41.0750
527,-8.0946,41.0750,-8.0946,41.0750
528,-8.0946,41.0750,-8.0946,41.0750
529,-8.0946,41.0749,-8.0946,41.0749
530,-8.0946,41.0749,-8.0946,41.0749
531,-8.0946,41.0749,-8.0946,41.0749
532,-8.0946,41.0750,-8.0946,41.0750
533,-8.0946,41.0750,-8.0946,41.0750
534,-8.0946,41.0750,-8.0946,41.0750
535,-8.0946,41.0750,-8.0946,41.0750
536,-8.0946,41.0750,-8.0946,41.0750
537,-8.0946,41.0750,-8.0946,41.0750
538,-8.0946,41.0750,-8.0946,41.0750
539,-8.0946,41.0749,-8.0946,41.0749
540,-8.0946,41.0749,-8.0946,41.0749
541,-8.0946,41.0749,-8.0946,41.0749
542,-8.0946,41.0749,-8.0946,41.0749
543,-8.0946,41.0750,-8.0946,41.0750
544,-8.0946,41.0750,-8.0946,41.0750
545,-8.0946,41.0750,-8.0946,41.0750
546,-8.0946,41.0750,-8.0946,41.0750
547,-8.0946,41.0750,-8.0946,41.0750
548,-8.0946,41.0750,-8.0946,41.0750
549,-8.0946,41.0749,-8.0946,41.0749
550,-8.0946,41.0749,-8.0946,41.0749
551,-8.0946,41.0749,-8.0946,41.0749
552,-8.0946,41.0749,-8.0946,41.0749
553,-8.0946,41.0749,-8.0946,41.0749
554,-8.0946,41.0749,-8.0946,41.0749
555,-8.0946,41.0750,-8.0946,41.0750
556,-8.0946,41.0750,-8.0946,41.0750
557,-8.0946,41.0750,-8.0946,41.0750
558,-8.0946,41.0750,-8.0946,41.0750
559,-8.0946,41.0750,-8.0946,41.0750
560,-8.0946,41.0750,-8.0946,41.0750
561,-8.0946,41.0750,-8.0946,41.0750
562,-8.0946,41.0749,-8.0946,41.0749
563,-8.0946,41.0749,-8.0946,41.0749
564,-8.0946,41.0749,-8.0946,41.0749
565,-8.0946,41.0749,-8.0946,41.0749
566,-8.0946,41.0749,-8.0946,41.0749
567,-8.0946,41.0750,-8.0946,41.0750
568,-8.0946,41.0750,-8.0946,41.0750
569,-8.0946,41.0750,-8.0946,41.0750
570,-8.0946,41.0750,-8.0946,41.0750
571,-8.0946,41.0750,-8.0946,41.0750
572,-8.0946,41.0750,-8.0946,41.0750
573,-8.0946,41.0750,-8.0946,41.0750
574,-8.0946,41.0750,-8.0946,41.0750
575,-8.0946,41.0750,-8.0946,41.0750
576,-8.0946,41.0749,-8.0946,41.0749
577,-8.0946,41.0749,-8.0946,41.0749
578,-8.0946,41.0749,-8.0946,41.0749
579,-8.0946,41.0750,-8.0946,41.0750
580,-8.0946,41.0750,-8.0946,41.0750
581,-8.0946,41.0750,-8.0946,41.0750
582,-8.0946,41.0750,-8.0946,41.0750
583,-8.0946,41.0750,-8.0946,41.0750
584,-8.0946,41.0750,-8.0946,41.0750
585,-8.0946,41.0750,-8.0946,41.0750
586,-8.0946,41.0750,-8.0946,41.0750
587,-8.0946,41.0749,-8.0946,41.0749
588,-8.0946,41.0749,-8.0946,41.0749
589,-8.0946,41.0750,-8.0946,41.0750
590,-8.0946,41.0750,-8.0946,41.0750
591,-8.0946,41.0750,-8.0946,41.0750
592,-8.0946,41.0750,-8.0946,41.0750
593,-8.0946,41.0750,-8.0946,41.0750
594,-8.0946,41.0750,-8.0946,41.0750
595,-8.0946,41.0750,-8.0946,41.0750
596,-8.0946,41.0750,-8.0946,41.0750
597,-8.0946,41.0750,-8.0946,41.0750
598,-8.0946,41.0750,-8.0946,41.0750
599,-8.0946,41.0750,-8.0946,41.0750
600,-8.0946,41.0750,-8.0946,41.0750
601,-8.0946,41.0750,-8.0946,41.0750
602,-8.0946,41.0750,-8.0946,41.0750
603,-8.0946,41.0750,-8.0946,41.0750
604,-8.0946,41.0750,-8.0946,41.0750
605,-8.0946,41.0750,-8.0946,41.0750
606,-8.0946,41.0750,-8.0946,41.0750
607,-8.0946,41.0750,-8.0946,41.0750
608,-8.0946,41.0750,-8.0946,41.0750
609,-8.0946,41.0750,-8.0946,41.0750
610,-8.0946,41.0750,-8.0946,41.0750
611,-8.0946,41.0750,-8.0946,41.0750
612,-8.0946,41.0750,-8.0946,41.0750
613,-8.0946,41.0750,-8.0946,41.0750
614,-8.0946,41.0750,-8.0946,41.0750
615,-8.0946,41.0750,-8.0946,41.0750
616,-8.0946,41.0750,-8.0946,41.0750
617,-8.0946,41.0750,-8.0946,41.0750
618,-8.0946,41.0750,-8.0946,41.0750
619,-8.0946,41.0750,-8.0946,41.0750
620,-8.0946,41.0750,-8.0946,41.0750
621,-8.0946,41.0749,-8.0946,41.0749
622,-8.0946,41.0749,-8.0946,41.0749
623,-8.0946,41.0749,-8.0946,41.0749
624,-8.0946,41.0749,-8.0946,41.0749
625,-8.0946,41.0749,-8.0946,41.0749
626,-8.0946,41.0749,-8.0946,41.0749
627,-8.0946,41.0750,-8.0946,41.0750
628,-8.0946,41.0750,-8.0946,41.0750
629,-8.0946,41.0750,-8.0946,41.0750
630,-8.0946,41.0750,-8.0946,41.0750
631,-8.0946,41.0750,-8.0946,41.0750
632,-8.0946,41.0750,-8.0946,41.0750
633,-8.0946,41.0749,-8.0946,41.0749
634,-8.0946,41.0750,-8.0946,41.0750
635,-8.0946,41.0749,-8.0946,41.0749
636,-8.0946,41.0750,-8.0946,41.0750
637,-8.0946,41.0750,-8.0946,41.0750
638,-8.0946,41.0750,-8.0946,41.0750
639,-8.0946,41.0750,-8.0946,41.0750
640,-8.0946,41.0750,-8.0946,41.0750
641,-8.0946,41.0750,-8.0946,41.0750
642,-8.0946,41.0750,-8.0946,41.0750
643,-8.0946,41.0750,-8.0946,41.0750
644,-8.0946,41.0750,-8.0946,41.0750
645,-8.0947,41.0750,-8.0947,41.0750
646,-8.0947,41.0750,-8.0947,41.0750
647,-8.0947,41.0750,-8.0947,41.0750
648,-8.0947,41.0750,-8.0947,41.0750
649,-8.0947,41.0750,-8.0947,41.0750
650,-8.0947,41.0750,-8.0947,41.0750
651,-8.0947,41.0750,-8.0947,41.0750
652,-8.0947,41.0750,-8.0947,41.0750
653,-8.0947,41.0750,-8.0947,41.0750
654,-8.0946,41.0750,-8.0946,41.0750
655,-8.0946,41.0750,-8.0946,41.0750
656,-8.0946,41.0749,-8.0946,41.0749
657,-8.0947,41.0749,-8.0947,41.0749
658,-8.0947,41.0750,-8.0947,41.0750
659,-8.0946,41.0750,-8.0946,41.0750
660,-8.0947,41.0750,-8.0947,41.0750
661,-8.0946,41.0750,-8.0946,41.0750
662,-8.0946,41.0750,-8.0946,41.0750
663,-8.0946,41.0750,-8.0946,41.0750
664,-8.0946,41.0750,-8.0946,41.0750
665,-8.0947,41.0750,-8.0947,41.0750
666,-8.0947,41.0750,-8.0947,41.0750
667,-8.0947,41.0749,-8.0947,41.0749
668,-8.0947,41.0750,-8.0947,41.0750
669,-8.0947,41.0750,-8.0947,41.0750
670,-8.0946,41.0750,-8.0946,41.0750
671,-8.0946,41.0750,-8.0946,41.0750
672,-8.0946,41.0750,-8.0946,41.0750
673,-8.0946,41.0750,-8.0946,41.0750
674,-8.0946,41.0750,-8.0946,41.0750
675,-8.0946,41.0750,-8.0946,41.0750
676,-8.0946,41.0750,-8.0946,41.0750
677,-8.0946,41.0750,-8.0946,41.0750
678,-8.0947,41.0750,-8.0947,41.0750
679,-8.0947,41.0750,-8.0947,41.0750
680,-8.0947,41.0750,-8.0947,41.0750
681,-8.0947,41.0750,-8.0947,41.0750
682,-8.0947,41.0750,-8.0947,41.0750
683,-8.0947,41.0749,-8.0947,41.0749
684,-8.0947,41.0749,-8.0947,41.0749
685,-8.0947,41.0749,-8.0947,41.0749
686,-8.0947,41.0749,-8.0947,41.0749
687,-8.0946,41.0749,-8.0946,41.0749
688,-8.0946,41.0749,-8.0946,41.0749
689,-8.0946,41.0749,-8.0946,41.0749
690,-8.0946,41.0749,-8.0946,41.0749
691,-8.0947,41.0749,-8.0947,41.0749
692,-8.0947,41.0749,-8.0947,41.0749
693,-8.0947,41.0750,-8.0947,41.0750
694,-8.0947,41.0750,-8.0947,41.0750
695,-8.0947,41.0750,-8.0947,41.0750
696,-8.0947,41.0750,-8.0947,41.0750
697,-8.0947,41.0750,-8.0947,41.0750
698,-8.0947,41.0750,-8.0947,41.0750
699,-8.0947,41.0750,-8.0947,41.0750
700,-8.0947,41.0750,-8.0947,41.0750
701,-8.0947,41.0750,-8.0947,41.0750
702,-8.0947,41.0750,-8.0947,41.0750
703,-8.0948,41.0750,-8.0948,41.0750
704,-8.0948,41.0750,-8.0948,41.0750
705,-8.0947,41.0750,-8.0947,41.0750
706,-8.0947,41.0750,-8.0947,41.0750
707,-8.0947,41.0750,-8.0947,41.0750
708,-8.0947,41.0750,-8.0947,41.0750
709,-8.0947,41.0750,-8.0947,41.0750
710,-8.0947,41.0750,-8.0947,41.0750
711,-8.0947,41.0750,-8.0947,41.0750
712,-8.0947,41.0750,-8.0947,41.0750
713,-8.0947,41.0750,-8.0947,41.0750
714,-8.0948,41.0750,-8.0948,41.0750
715,-8.0948,41.0750,-8.0948,41.0750
716,-8.0947,41.0750,-8.0947,41.0750
717,-8.0947,41.0750,-8.0947,41.0750
718,-8.0947,41.0750,-8.0947,41.0750
719,-8.0947,41.0750,-8.0947,41.0750
720,-8.0947,41.0750,-8.0947,41.0750
721,-8.0947,41.0750,-8.0947,41.0750
722,-8.0947,41.0750,-8.0947,41.0750
723,-8.0947,41.0750,-8.0947,41.0750
724,-8.0947,41.0750,-8.0947,41.0750
725,-8.0947,41.0750,-8.0947,41.0750
726,-8.0947,41.0750,-8.0947,41.0750
727,-8.0947,41.0750,-8.0947,41.0750
728,-8.0947,41.0750,-8.0947,41.0750
729,-8.0947,41.0750,-8.0947,41.0750
730,-8.0947,41.0750,-8.0947,41.0750
731,-8.0947,41.0750,-8.0947,41.0750
732,-8.0947,41.0750,-8.0947,41.0750
733,-8.0947,41.0750,-8.0947,41.0750
734,-8.0947,41.0750,-8.0947,41.0750
735,-8.0947,41.0750,-8.0947,41.0750
736,-8.0947,41.0750,-8.0947,41.0750
737,-8.0947,41.0750,-8.0947,41.0750
738,-8.0947,41.0750,-8.0947,41.0750
739,-8.0947,41.0750,-8.0947,41.0750
740,-8.0947,41.0750,-8.0947,41.0750
741,-8.0947,41.0750,-8.0947,41.0750
742,-8.0947,41.0750,-8.0947,41.0750
743,-8.0947,41.0750,-8.0947,41.0750
744,-8.0947,41.0750,-8.0947,41.0750
745,-8.0947,41.0750,-8.0947,41.0750
746,-8.0947,41.0750,-8.0947,41.0750
747,-8.0947,41.0750,-8.0947,41.0750
748,-8.0947,41.0750,-8.0947,41.0750
749,-8.0947,41.0750,-8.0947,41.0750
750,-8.0947,41.0749,-8.0947,41.0749
751,-8.0947,41.0749,-8.0947,41.0749
752,-8.0947,41.0749,-8.0947,41.0749
753,-8.0947,41.0749,-8.0947,41.0749
754,-8.0947,41.0750,-8.0947,41.0750
755,-8.0947,41.0750,-8.0947,41.0750
756,-8.0947,41.0750,-8.0947,41.0750
757,-8.0947,41.0750,-8.0947,41.0750
758,-8.0947,41.0750,-8.0947,41.0750
759,-8.0947,41.0750,-8.0947,41.0750
760,-8.0947,41.0750,-8.0947,41.0750
761,-8.0947,41.0750,-8.0947,41.0750
762,-8.0947,41.0750,-8.0947,41.0750
763,-8.0946,41.0750,-8.0946,41.0750
764,-8.0947,41.0750,-8.0947,41.0750
765,-8.0947,41.0750,-8.0947,41.0750
766,-8.0947,41.0750,-8.0947,41.0750
767,-8.0947,41.0750,-8.0947,41.0750
768,-8.0947,41.0750,-8.0947,41.0750
769,-8.0947,41.0750,-8.0947,41.0750
770,-8.0947,41.0750,-8.0947,41.0750
771,-8.0947,41.0750,-8.0947,41.0750
772,-8.0947,41.0750,-8.0947,41.0750
773,-8.0947,41.0750,-8.0947,41.0750
774,-8.0947,41.0750,-8.0947,41.0750
775,-8.0947,41.0750,-8.0947,41.0750
776,-8.0947,41.0750,-8.0947,41.0750
777,-8.0947,41.0750,-8.0947,41.0750
778,-8.0947,41.0750,-8.0947,41.0750
779,-8.0947,41.0750,-8.0947,41.0750
780,-8.0947,41.0750,-8.0947,41.0750
781,-8.0947,41.0750,-8.0947,41.0750
782,-8.0947,41.0750,-8.0947,41.0750
783,-8.0947,41.0750,-8.0947,41.0750
784,-8.0947,41.0750,-8.0947,41.0750
785,-8.0947,41.0750,-8.0947,41.0750
786,-8.0947,41.0750,-8.0947,41.0750
787,-8.0947,41.0750,-8.0947,41.0750
788,-8.0947,41.0750,-8.0947,41.0750
789,-8.0947,41.0750,-8.0947,41.0750
790,-8.0947,41.0750,-8.0947,41.0750
791,-8.0947,41.0750,-8.0947,41.0750
792,-8.0947,41.0750,-8.0947,41.0750
793,-8.0947,41.0750,-8.0947,41.0750
794,-8.0947,41.0750,-8.0947,41.0750
795,-8.0947,41.0750,-8.0947,41.0750
796,-8.0947,41.0750,-8.0947,41.0750
797,-8.0947,41.0750,-8.0947,41.0750
798,-8.0947,41.0750,-8.0947,41.0750
799,-8.0947,41.0750,-8.0947,41.0750
800,-8.0947,41.0750,-8.0947,41.0750
801,-8.0947,41.0750,-8.0947,41.0750
802,-8.0947,41.0750,-8.0947,41.0750
803,-8.0947,41.0750,-8.0947,41.0750
804,-8.0947,41.0750,-8.0947,41.0750
805,-8.0946,41.0750,-8.0946,41.0750
806,-8.0946,41.0750,-8.0946,41.0750
807,-8.0946,41.0750,-8.0946,41.0750
808,-8.0946,41.0750,-8.0946,41.0750
809,-8.0946,41.0750,-8.0946,41.0750
810,-8.0946,41.0750,-8.0946,41.0750
811,-8.0946,41.0750,-8.0946,41.0750
812,-8.0946,41.0750,-8.0946,41.0750
813,-8.0946,41.0750,-8.0946,41.0750
814,-8.0946,41.0750,-8.0946,41.0750
815,-8.0946,41.0750,-8.0946,41.0750
816,-8.0946,41.0750,-8.0946,41.0750
817,-8.0946,41.0750,-8.0946,41.0750
818,-8.0946,41.0750,-8.0946,41.0750
819,-8.0946,41.0750,-8.0946,41.0750
820,-8.0946,41.0750,-8.0946,41.0750
821,-8.0946,41.0750,-8.0946,41.0750
822,-8.0946,41.0750,-8.0946,41.0750
823,-8.0946,41.0750,-8.0946,41.0750
824,-8.0946,41.0750,-8.0946,41.0750
825,-8.0946,41.0750,-8.0946,41.0750
826,-8.0946,41.0750,-8.0946,41.0750
827,-8.0946,41.0750,-8.0946,41.0750
828,-8.0946,41.0750,-8.0946,41.0750
829,-8.0947,41.0750,-8.0947,41.0750
830,-8.0947,41.0750,-8.0947,41.0750
831,-8.0947,41.0751,-8.0947,41.0751
832,-8.0947,41.0750,-8.0947,41.0750
833,-8.0947,41.0750,-8.0947,41.0750
834,-8.0947,41.0751,-8.0947,41.0751
835,-8.0947,41.0751,-8.0947,41.0751
836,-8.0947,41.0750,-8.0947,41.0750
837,-8.0947,41.0750,-8.0947,41.0750
838,-8.0947,41.0750,-8.0947,41.0750
839,-8.0947,41.0750,-8.0947,41.0750
840,-8.0947,41.0750,-8.0947,41.0750
841,-8.0947,41.0750,-8.0947,41.0750
842,-8.0947,41.0750,-8.0947,41.0750
843,-8.0947,41.0750,-8.0947,41.0750
844,-8.0947,41.0750,-8.0947,41.0750
845,-8.0947,41.0750,-8.0947,41.0750
846,-8.0947,41.0750,-8.0947,41.0750
847,-8.0947,41.0750,-8.0947,41.0750
848,-8.0947,41.0750,-8.0947,41.0750
849,-8.0947,41.0750,-8.0947,41.0750
850,-8.0947,41.0750,-8.0947,41.0750
851,-8.0947,41.0750,-8.0947,41.0750
852,-8.0946,41.0750,-8.0946,41.0750
853,-8.0946,41.0750,-8.0946,41.0750
854,-8.0947,41.0750,-8.0947,41.0750
855,-8.0947,41.0750,-8.0947,41.0750
856,-8.0947,41.0750,-8.0947,41.0750
857,-8.0947,41.0750,-8.0947,41.0750
858,-8.0947,41.0750,-8.0947,41.0750
859,-8.0946,41.0750,-8.0946,41.0750
860,-8.0946,41.0750,-8.0946,41.0750
861,-8.0946,41.0750,-8.0946,41.0750
862,-8.0946,41.0750,-8.0946,41.0750
863,-8.0947,41.0750,-8.0947,41.0750
864,-8.0947,41.0750,-8.0947,41.0750
865,-8.0947,41.0750,-8.0947,41.0750
866,-8.0947,41.0750,-8.0947,41.0750
867,-8.0947,41.0750,-8.0947,41.0750
868,-8.0947,41.0750,-8.0947,41.0750
869,-8.0947,41.0750,-8.0947,41.0750
870,-8.0947,41.0750,-8.0947,41.0750
871,-8.0947,41.0750,-8.0947,41.0750
872,-8.0947,41.0750,-8.0947,41.0750
873,-8.0947,41.0750,-8.0947,41.0750
874,-8.0947,41.0750,-8.0947,41.0750
875,-8.0947,41.0750,-8.0947,41.0750
876,-8.0947,41.0750,-8.0947,41.0750
877,-8.0947,41.0750,-8.0947,41.0750
878,-8.0947,41.0750,-8.0947,41.0750
879,-8.0947,41.0750,-8.0947,41.0750
880,-8.0947,41.0750,-8.0947,41.0750
881,-8.0947,41.0750,-8.0947,41.0750
882,-8.0947,41.0750,-8.0947,41.0750
883,-8.0947,41.0750,-8.0947,41.0750
884,-8.0947,41.0750,-8.0947,41.0750
885,-8.0947,41.0750,-8.0947,41.0750
886,-8.0947,41.0750,-8.0947,41.0750
887,-8.0947,41.0750,-8.0947,41.0750
888,-8.0947,41.0750,-8.0947,41.0750
889,-8.0947,41.0750,-8.0947,41.0750
890,-8.0947,41.0750,-8.0947,41.0750
891,-8.0947,41.0750,-8.0947,41.0750
892,-8.0947,41.0750,-8.0947,41.0750
893,-8.0947,41.0750,-8.0947,41.0750
894,-8.0947,41.0750,-8.0947,41.0750
895,-8.0947,41.0750,-8.0947,41.0750
896,-8.0947,41.0750,-8.0947,41.0750
897,-8.0947,41.0750,-8.0947,41.0750
898,-8.0947,41.0750,-8.0947,41.0750
899,-8.0947,41.0750,-8.0947,41.0750
900,-8.0947,41.0750,-8.0947,41.0750
901,-8.0947,41.0750,-8.0947,41.0750
902,-8.0947,41.0750,-8.0947,41.0750
903,-8.0947,41.0750,-8.0947,41.0750
904,-8.0947,41.0750,-8.0947,41.0750
905,-8.0947,41.0750,-8.0947,41.0750
906,-8.0947,41.0750,-8.0947,41.0750
907,-8.0947,41.0750,-8.0947,41.0750
908,-8.0947,41.0750,-8.0947,41.0750
909,-8.0947,41.0750,-8.0947,41.0750
910,-8.0947,41.0750,-8.0947,41.0750
911,-8.0947,41.0750,-8.0947,41.0750
912,-8.0947,41.0750,-8.0947,41.0750
913,-8.0947,41.0750,-8.0947,41.0750
914,-8.0947,41.0750,-8.0947,41.0750
915,-8.0947,41.0750,-8.0947,41.0750
916,-8.0947,41.0750,-8.0947,41.0750
917,-8.0947,41.0750,-8.0947,41.0750
918,-8.0947,41.0750,-8.0947,41.0750
919,-8.0947,41.0750,-8.0947,41.0750
920,-8.0947,41.0750,-8.0947,41.0750
921,-8.0947,41.0750,-8.0947,41.0750
922,-8.0947,41.0750,-8.0947,41.0750
923,-8.0947,41.0750,-8.0947,41.0750
924,-8.0947,41.0750,-8.0947,41.0750
925,-8.0947,41.0750,-8.0947,41.0750
926,-8.0947,41.0750,-8.0947,41.0750
927,-8.0947,41.0750,-8.0947,41.0750
928,-8.0947,41.0750,-8.0947,41.0750
929,-8.0947,41.0750,-8.0947,41.0750
930,-8.0947,41.0750,-8.0947,41.0750
931,-8.0947,41.0750,-8.0947,41.0750
932,-8.0946,41.0749,-8.0946,41.0749
933,-8.0946,41.0749,-8.0946,41.0749
934,-8.0946,41.0749,-8.0946,41.0749
935,-8.0946,41.0749,-8.0946,41.0749
936,-8.0946,41.0749,-8.0946,41.0749
937,-8.0946,41.0749,-8.0946,41.0749
938,-8.0946,41.0749,-8.0946,41.0749
939,-8.0946,41.0749,-8.0946,41.0749
940,-8.0946,41.0749,-8.0946,41.0749
941,-8.0946,41.0749,-8.0946,41.0749
942,-8.0946,41.0749,-8.0946,41.0749
943,-8.0946,41.0749,-8.0946,41.0749
944,-8.0946,41.0749,-8.0946,41.0749
945,-8.0946,41.0749,-8.0946,41.0749
946,-8.0946,41.0750,-8.0946,41.0750
947,-8.0946,41.0750,-8.0946,41.0750
948,-8.0946,41.0750,-8.0946,41.0750
949,-8.0946,41.0750,-8.0946,41.0750
950,-8.0946,41.0750,-8.0946,41.0750
951,-8.0946,41.0750,-8.0946,41.0750
952,-8.0946,41.0749,-8.0946,41.0749
953,-8.0946,41.0750,-8.0946,41.0750
954,-8.0946,41.0750,-8.0946,41.0750
955,-8.0947,41.0750,-8.0947,41.0750
956,-8.0946,41.0750,-8.0946,41.0750
957,-8.0946,41.0750,-8.0946,41.0750
958,-8.0946,41.0750,-8.0946,41.0750
959,-8.0946,41.0750,-8.0946,41.0750
960,-8.0946,41.0749,-8.0946,41.0749
961,-8.0946,41.0749,-8.0946,41.0749
962,-8.0946,41.0749,-8.0946,41.0749
963,-8.0946,41.0749,-8.0946,41.0749
964,-8.0947,41.0749,-8.0947,41.0749
965,-8.0947,41.0749,-8.0947,41.0749
966,-8.0946,41.0749,-8.0946,41.0749
967,-8.0946,41.0749,-8.0946,41.0749
968,-8.0946,41.0749,-8.0946,41.0749
969,-8.0946,41.0749,-8.0946,41.0749
970,-8.0946,41.0749,-8.0946,41.0749
971,-8.0946,41.0749,-8.0946,41.0749
972,-8.0946,41.0749,-8.0946,41.0749
973,-8.0947,41.0750,-8.0947,41.0750
974,-8.0947,41.0750,-8.0947,41.0750
975,-8.0947,41.0750,-8.0947,41.0750
976,-8.0947,41.0750,-8.0947,41.0750
977,-8.0947,41.0749,-8.0947,41.0749
978,-8.0946,41.0749,-8.0946,41.0749
979,-8.0946,41.0749,-8.0946,41.0749
980,-8.0946,41.0749,-8.0946,41.0749
981,-8.0946,41.0749,-8.0946,41.0749
982,-8.0947,41.0750,-8.0947,41.0750
983,-8.0947,41.0750,-8.0947,41.0750
984,-8.0947,41.0750,-8.0947,41.0750
985,-8.0947,41.0750,-8.0947,41.0750
986,-8.0947,41.0750,-8.0947,41.0750
987,-8.0946,41.0749,-8.0946,41.0749
988,-8.0946,41.0749,-8.0946,41.0749
989,-8.0946,41.0749,-8.0946,41.0749
990,-8.0946,41.0749,-8.0946,41.0749
991,-8.0946,41.0749,-8.0946,41.0749
992,-8.0947,41.0749,-8.0947,41.0749
993,-8.0947,41.0749,-8.0947,41.0749
994,-8.0947,41.0750,-8.0947,41.0750
995,-8.0947,41.0750,-8.0947,41.0750
996,-8.0947,41.0750,-8.0947,41.0750
997,-8.0946,41.0750,-8.0946,41.0750
998,-8.0946,41.0750,-8.0946,41.0750
999,-8.0946,41.0749,-8.0946,41.0749
1000,-8.0946,41.0749,-8.0946,41.0749
1001,-8.0946,41.0749,-8.0946,41.0749
1002,-8.0946,41.0749,-8.0946,41.0749
1003,-8.0946,41.0750,-8.0946,41.0750
1004,-8.0947,41.0750,-8.0947,41.0750
1005,-8.0947,41.0750,-8.0947,41.0750
1006,-8.0946,41.0749,-8.0946,41.0749
1007,-8.0946,41.0749,-8.0946,41.0749
1008,-8.0946,41.0749,-8.0946,41.0749
1009,-8.0946,41.0749,-8.0946,41.0749
1010,-8.0946,41.0749,-8.0946,41.0749
1011,-8.0946,41.0749,-8.0946,41.0749
1012,-8.0946,41.0750,-8.0946,41.0750
1013,-8.0946,41.0750,-8.0946,41.0750
1014,-8.0946,41.0749,-8.0946,41.0749
1015,-8.0946,41.0749,-8.0946,41.0749
1016,-8.0946,41.0749,-8.0946,41.0749
1017,-8.0946,41.0749,-8.0946,41.0749
1018,-8.0946,41.0749,-8.0946,41.0749
1019,-8.0946,41.0749,-8.0946,41.0749
1020,-8.0946,41.0749,-8.0946,41.0749
1021,-8.0946,41.0749,-8.0946,41.0749
1022,-8.0946,41.0749,-8.0946,41.0749
1023,-8.0946,41.0749,-8.0946,41.0749
1024,-8.0946,41.0749,-8.0946,41.0749
1025,-8.0946,41.0749,-8.0946,41.0749
1026,-8.0946,41.0749,-8.0946,41.0749
1027,-8.0946,41.0749,-8.0946,41.0749
1028,-8.0946,41.0749,-8.0946,41.0749
1029,-8.0946,41.0749,-8.0946,41.0749
1030,-8.0946,41.0749,-8.0946,41.0749
1031,-8.0946,41.0749,-8.0946,41.0749
1032,-8.0946,41.0749,-8.0946,41.0749
1033,-8.0946,41.0749,-8.0946,41.0749
1034,-8.0947,41.0750,-8.0947,41.0750
1035,-8.0947,41.0750,-8.0947,41.0750
1036,-8.0947,41.0750,-8.0947,41.0750
1037,-8.0947,41.0750,-8.0947,41.0750
1038,-8.0947,41.0750,-8.0947,41.0750
1039,-8.0946,41.0750,-8.0946,41.0750
1040,-8.0946,41.0749,-8.0946,41.0749
1041,-8.0946,41.0749,-8.0946,41.0749
1042,-8.0946,41.0749,-8.0946,41.0749
1043,-8.0946,41.0750,-8.0946,41.0750
1044,-8.0946,41.0750,-8.0946,41.0750
1045,-8.0946,41.0750,-8.0946,41.0750
1046,-8.0946,41.0750,-8.0946,41.0750
1047,-8.0946,41.0749,-8.0946,41.0749
1048,-8.0946,41.0749,-8.0946,41.0749
1049,-8.0946,41.0749,-8.0946,41.0749
1050,-8.0946,41.0749,-8.0946,41.0749
1051,-8.0946,41.0750,-8.0946,41.0750
1052,-8.0946,41.0750,-8.0946,41.0750
1053,-8.0946,41.0750,-8.0946,41.0750
1054,-8.0947,41.0750,-8.0947,41.0750
1055,-8.0947,41.0750,-8.0947,41.0750
1056,-8.0946,41.0750,-8.0946,41.0750
1057,-8.0946,41.0750,-8.0946,41.0750
1058,-8.0946,41.0750,-8.0946,41.0750
1059,-8.0946,41.0750,-8.0946,41.0750
1060,-8.0946,41.0750,-8.0946,41.0750
1061,-8.0946,41.0750,-8.0946,41.0750
1062,-8.0946,41.0750,-8.0946,41.0750
1063,-8.0946,41.0750,-8.0946,41.0750
1064,-8.0946,41.0750,-8.0946,41.0750
1065,-8.0946,41.0750,-8.0946,41.0750
1066,-8.0946,41.0750,-8.0946,41.0750
1067,-8.0946,41.0750,-8.0946,41.0750
1068,-8.0946,41.0750,-8.0946,41.0750
1069,-8.0946,41.0750,-8.0946,41.0750
1070,-8.0946,41.0749,-8.0946,41.0749
1071,-8.0946,41.0749,-8.0946,41.0749
1072,-8.0946,41.0750,-8.0946,41.0750
1073,-8.0946,41.0750,-8.0946,41.0750
1074,-8.0946,41.0749,-8.0946,41.0749
1075,-8.0946,41.0750,-8.0946,41.0750
1076,-8.0946,41.0750,-8.0946,41.0750
1077,-8.0946,41.0750,-8.0946,41.0750
1078,-8.0946,41.0750,-8.0946,41.0750
1079,-8.0946,41.0750,-8.0946,41.0750
1080,-8.0946,41.0750,-8.0946,41.0750
1081,-8.0946,41.0750,-8.0946,41.0750
1082,-8.0946,41.0750,-8.0946,41.0750
1083,-8.0946,41.0750,-8.0946,41.0750
1084,-8.0946,41.0750,-8.0946,41.0750
1085,-8.0946,41.0750,-8.0946,41.0750
1086,-8.0946,41.0750,-8.0946,41.0750
1087,-8.0946,41.0750,-8.0946,41.0750
1088,-8.0946,41.0750,-8.0946,41.0750
1089,-8.0946,41.0750,-8.0946,41.0750
1090,-8.0946,41.0750,-8.0946,41.0750
1091,-8.0946,41.0750,-8.0946,41.0750
1092,-8.0946,41.0750,-8.0946,41.0750
1093,-8.0946,41.0750,-8.0946,41.0750
1094,-8.0946,41.0750,-8.0946,41.0750
1095,-8.0946,41.0750,-8.0946,41.0750
1096,-8.0946,41.0750,-8.0946,41.0750
1097,-8.0946,41.0750,-8.0946,41.0750
1098,-8.0946,41.0749,-8.0946,41.0749
1099,-8.0946,41.0749,-8.0946,41.0749
1100,-8.0946,41.0749,-8.0946,41.0749
1101,-8.0946,41.0749,-8.0946,41.0749
1102,-8.0946,41.0750,-8.0946,41.0750
1103,-8.0946,41.0750,-8.0946,41.0750
1104,-8.0946,41.0750,-8.0946,41.0750
1105,-8.0946,41.0750,-8.0946,41.0750
1106,-8.0946,41.0750,-8.0946,41.0750
1107,-8.0946,41.0749,-8.0946,41.0749
1108,-8.0946,41.0749,-8.0946,41.0749
1109,-8.0946,41.0749,-8.0946,41.0749
1110,-8.0946,41.0750,-8.0946,41.0750
1111,-8.0946,41.0750,-8.0946,41.0750
1112,-8.0946,41.0749,-8.0946,41.0749
1113,-8.0946,41.0749,-8.0946,41.0749
1114,-8.0946,41.0749,-8.0946,41.0749
1115,-8.0946,41.0749,-8.0946,41.0749
1116,-8.0946,41.0749,-8.0946,41.0749
1117,-8.0946,41.0749,-8.0946,41.0749
1118,-8.0946,41.0749,-8.0946,41.0749
1119,-8.0946,41.0749,-8.0946,41.0749
1120,-8.0946,41.0749,-8.0946,41.0749
1121,-8.0946,41.0750,-8.0946,41.0750
1122,-8.0946,41.0750,-8.0946,41.0750
1123,-8.0946,41.0749,-8.0946,41.0749
1124,-8.0946,41.0749,-8.0946,41.0749
1125,-8.0946,41.0749,-8.0946,41.0749
1126,-8.0946,41.0749,-8.0946,41.0749
1127,-8.0946,41.0750,-8.0946,41.0750
1128,-8.0946,41.0750,-8.0946,41.0750
1129,-8.0946,41.0750,-8.0946,41.0750
1130,-8.0946,41.0750,-8.0946,41.0750
1131,-8.0946,41.0750,-8.0946,41.0750
1132,-8.0946,41.0750,-8.0946,41.0750
1133,-8.0946,41.0750,-8.0946,41.0750
1134,-8.0946,41.0750,-8.0946,41.0750
1135,-8.0946,41.0750,-8.0946,41.0750
1136,-8.0946,41.0750,-8.0946,41.0750
1137,-8.0946,41.0750,-8.0946,41.0750
1138,-8.0946,41.0750,-8.0946,41.0750
1139,-8.0946,41.0750,-8.0946,41.0750
1140,-8.0946,41.0750,-8.0946,41.0750
1141,-8.0947,41.0750,-8.0947,41.0750
1142,-8.0946,41.0750,-8.0946,41.0750
1143,-8.0946,41.0750,-8.0946,41.0750
1144,-8.0946,41.0750,-8.0946,41.0750
1145,-8.0946,41.0750,-8.0946,41.0750
1146,-8.0946,41.0749,-8.0946,41.0749
1147,-8.0946,41.0749,-8.0946,41.0749
1148,-8.0946,41.0750,-8.0946,41.0750
1149,-8.0946,41.0749,-8.0946,41.0749
1150,-8.0946,41.0749,-8.0946,41.0749
1151,-8.0946,41.0749,-8.0946,41.0749
1152,-8.0946,41.0749,-8.0946,41.0749
1153,-8.0948,41.0748,-8.0948,41.0748
1154,-8.0952,41.0751,-8.0952,41.0751
1155,-8.0960,41.0756,-8.0960,41.0756
1156,-8.0966,41.0767,-8.0966,41.0767
1157,-8.0977,41.0777,-8.0977,41.0777
1158,-8.0995,41.0782,-8.0995,41.0782
1159,-8.1015,41.0792,-8.1015,41.0792
1160,-8.1041,41.0794,-8.1041,41.0794
1161,-8.1052,41.0808,-8.1052,41.0808
1162,-8.1072,41.0823,-8.1072,41.0823
1163,-8.1088,41.0823,-8.1088,41.0823
1164,-8.1092,41.0813,-8.1092,41.0813
1165,-8.1105,41.0796,-8.1105,41.0796
1166,-8.1128,41.0783,-8.1128,41.0783
1167,-8.1140,41.0769,-8.1140,41.0769
1168,-8.1136,41.0754,-8.1136,41.0754
1169,-8.1129,41.0740,-8.1129,41.0740
1170,-8.1175,41.0753,-8.1175,41.0753
1171,-8.1199,41.0755,-8.1199,41.0755
1172,-8.1222,41.0760,-8.1222,41.0760
1173,-8.1232,41.0779,-8.1232,41.0779
1174,-8.1256,41.0785,-8.1256,41.0785
1175,-8.1271,41.0771,-8.1271,41.0771
1176,-8.1282,41.0755,-8.1282,41.0755
1177,-8.1298,41.0738,-8.1298,41.0738
1178,-8.1311,41.0721,-8.1311,41.0721
1179,-8.1329,41.0708,-8.1329,41.0708
1180,-8.1347,41.0699,-8.1347,41.0699
1181,-8.1357,41.0685,-8.1357,41.0685
1182,-8.1384,41.0683,-8.1384,41.0683
1183,-8.1401,41.0666,-8.1401,41.0666
1184,-8.1418,41.0647,-8.1418,41.0647
1185,-8.1437,41.0632,-8.1437,41.0632
1186,-8.1456,41.0636,-8.1456,41.0636
1187,-8.1440,41.0652,-8.1440,41.0652
1188,-8.1454,41.0670,-8.1454,41.0670
1189,-8.1456,41.0693,-8.1456,41.0693
1190,-8.1461,41.0713,-8.1461,41.0713
1191,-8.1482,41.0729,-8.1482,41.0729
1192,-8.1505,41.0736,-8.1505,41.0736
1193,-8.1525,41.0745,-8.1525,41.0745
1194,-8.1544,41.0735,-8.1544,41.0735
1195,-8.1559,41.0723,-8.1559,41.0723
1196,-8.1561,41.0744,-8.1561,41.0744
1197,-8.1584,41.0748,-8.1584,41.0748
1198,-8.1596,41.0766,-8.1596,41.0766
1199,-8.1600,41.0791,-8.1600,41.0791
1200,-8.1614,41.0804,-8.1614,41.0804
1201,-8.1645,41.0800,-8.1645,41.0800
1202,-8.1668,41.0816,-8.1668,41.0816
1203,-8.1695,41.0804,-8.1695,41.0804
1204,-8.1723,41.0790,-8.1723,41.0790
1205,-8.1748,41.0774,-8.1748,41.0774
1206,-8.1770,41.0779,-8.1770,41.0779
1207,-8.1789,41.0792,-8.1789,41.0792
1208,-8.1812,41.0781,-8.1812,41.0781
1209,-8.1839,41.0767,-8.1839,41.0767
1210,-8.1856,41.0751,-8.1856,41.0751
1211,-8.1872,41.0739,-8.1872,41.0739
1212,-8.1882,41.0731,-8.1882,41.0731
1213,-8.1896,41.0716,-8.1896,41.0716
1214,-8.1914,41.0719,-8.1914,41.0719
1215,-8.1928,41.0727,-8.1928,41.0727
1216,-8.1940,41.0742,-8.1940,41.0742
1217,-8.1949,41.0762,-8.1949,41.0762
1218,-8.1962,41.0772,-8.1962,41.0772
1219,-8.1974,41.0786,-8.1974,41.0786
1220,-8.1988,41.0801,-8.1988,41.0801
1221,-8.1995,41.0806,-8.1995,41.0806
1222,-8.2005,41.0788,-8.2005,41.0788
1223,-8.2031,41.0789,-8.2031,41.0789
1224,-8.2056,41.0780,-8.2056,41.0780
1225,-8.2070,41.0766,-8.2070,41.0766
1226,-8.2090,41.0767,-8.2090,41.0767
1227,-8.2109,41.0757,-8.2109,41.0757
1228,-8.2129,41.0760,-8.2129,41.0760
1229,-8.2147,41.0748,-8.2147,41.0748
1230,-8.2169,41.0744,-8.2169,41.0744
1231,-8.2188,41.0737,-8.2188,41.0737
1232,-8.2211,41.0731,-8.2211,41.0731
1233,-8.2238,41.0734,-8.2238,41.0734
1234,-8.2262,41.0733,-8.2262,41.0733
1235,-8.2265,41.0716,-8.2265,41.0716
1236,-8.2271,41.0709,-8.2271,41.0709
1237,-8.2281,41.0710,-8.2281,41.0710
1238,-8.2291,41.0701,-8.2291,41.0701
1239,-8.2310,41.0700,-8.2310,41.0700
1240,-8.2325,41.0695,-8.2325,41.0695
1241,-8.2332,41.0680,-8.2332,41.0680
1242,-8.2346,41.0675,-8.2346,41.0675
1243,-8.2350,41.0674,-8.2350,41.0674
1244,-8.2351,41.0674,-8.2351,41.0674
1245,-8.2351,41.0674,-8.2351,41.0674
1246,-8.2351,41.0674,-8.2351,41.0674
1247,-8.2351,41.0674,-8.2351,41.0674
1248,-8.2351,41.0674,-8.2351,41.0674
1249,-8.2351,41.0674,-8.2351,41.0674
1250,-8.2350,41.0674,-8.2350,41.0674
1251,-8.2350,41.0674,-8.2350,41.0674
1252,-8.2350,41.0674,-8.2350,41.0674
1253,-8.2350,41.0674,-8.2350,41.0674
1254,-8.2350,41.0674,-8.2350,41.0674
1255,-8.2350,41.0674,-8.2350,41.0674
1256,-8.2350,41.0674,-8.2350,41.0674
1257,-8.2350,41.0674,-8.2350,41.0674
1258,-8.2350,41.0674,-8.2350,41.0674
1259,-8.2350,41.0674,-8.2350,41.0674
1260,-8.2350,41.0674,-8.2350,41.0674
1261,-8.2350,41.0674,-8.2350,41.0674
1262,-8.2350,41.0674,-8.2350,41.0674
1263,-8.2351,41.0674,-8.2351,41.0674
1264,-8.2367,41.0670,-8.2367,41.0670
1265,-8.2386,41.0663,-8.2386,41.0663
1266,-8.2404,41.0654,-8.2404,41.0654
1267,-8.2422,41.0659,-8.2422,41.0659
1268,-8.2440,41.0661,-8.2440,41.0661
1269,-8.2457,41.0669,-8.2457,41.0669
1270,-8.2480,41.0669,-8.2480,41.0669
1271,-8.2500,41.0664,-8.2500,41.0664
1272,-8.2517,41.0671,-8.2517,41.0671
1273,-8.2536,41.0674,-8.2536,41.0674
1274,-8.2547,41.0663,-8.2547,41.0663
1275,-8.2558,41.0651,-8.2558,41.0651
1276,-8.2567,41.0634,-8.2567,41.0634
1277,-8.2559,41.0617,-8.2559,41.0617
1278,-8.2577,41.0613,-8.2577,41.0613
1279,-8.2590,41.0605,-8.2590,41.0605
1280,-8.2604,41.0612,-8.2604,41.0612
1281,-8.2607,41.0627,-8.2607,41.0627
1282,-8.2621,41.0634,-8.2621,41.0634
1283,-8.2631,41.0619,-8.2631,41.0619
1284,-8.2648,41.0606,-8.2648,41.0606
1285,-8.2680,41.0607,-8.2680,41.0607
1286,-8.2724,41.0620,-8.2724,41.0620
1287,-8.2767,41.0617,-8.2767,41.0617
1288,-8.2797,41.0593,-8.2797,41.0593
1289,-8.2832,41.0599,-8.2832,41.0599
1290,-8.2841,41.0631,-8.2841,41.0631
1291,-8.2843,41.0664,-8.2843,41.0664
1292,-8.2865,41.0694,-8.2865,41.0694
1293,-8.2876,41.0726,-8.2876,41.0726
1294,-8.2899,41.0751,-8.2899,41.0751
1295,-8.2927,41.0774,-8.2927,41.0774
1296,-8.2953,41.0802,-8.2953,41.0802
1297,-8.2965,41.0828,-8.2965,41.0828
1298,-8.2940,41.0851,-8.2940,41.0851
1299,-8.2923,41.0882,-8.2923,41.0882
1300,-8.2913,41.0895,-8.2913,41.0895
1301,-8.2921,41.0903,-8.2921,41.0903
1302,-8.2929,41.0913,-8.2929,41.0913
1303,-8.2928,41.0929,-8.2928,41.0929
1304,-8.2930,41.0952,-8.2930,41.0952
1305,-8.2941,41.0966,-8.2941,41.0966
1306,-8.2927,41.0970,-8.2927,41.0970
1307,-8.2915,41.0979,-8.2915,41.0979
1308,-8.2925,41.0993,-8.2925,41.0993
1309,-8.2921,41.1016,-8.2921,41.1016
1310,-8.2921,41.1018,-8.2921,41.1018
1311,-8.2919,41.1029,-8.2919,41.1029
1312,-8.2920,41.1050,-8.2920,41.1050
1313,-8.2928,41.1075,-8.2928,41.1075
1314,-8.2940,41.1093,-8.2940,41.1093
1315,-8.2930,41.1115,-8.2930,41.1115
1316,-8.2928,41.1142,-8.2928,41.1142
1317,-8.2935,41.1165,-8.2935,41.1165
1318,-8.2937,41.1184,-8.2937,41.1184
1319,-8.2938,41.1200,-8.2938,41.1200
1320,-8.2942,41.1215,-8.2942,41.1215
1321,-8.2946,41.1227,-8.2946,41.1227
1322,-8.2947,41.1239,-8.2947,41.1239
1323,-8.2946,41.1247,-8.2946,41.1247
1324,-8.2943,41.1270,-8.2943,41.1270
1325,-8.2939,41.1292,-8.2939,41.1292
1326,-8.2938,41.1313,-8.2938,41.1313
1327,-8.2938,41.1336,-8.2938,41.1336
1328,-8.2937,41.1357,-8.2937,41.1357
1329,-8.2937,41.1378,-8.2937,41.1378
1330,-8.2945,41.1403,-8.2945,41.1403
1331,-8.2951,41.1421,-8.2951,41.1421
1332,-8.2956,41.1435,-8.2956,41.1435
1333,-8.2961,41.1450,-8.2961,41.1450
1334,-8.2968,41.1464,-8.2968,41.1464
1335,-8.2980,41.1480,-8.2980,41.1480
1336,-8.2989,41.1500,-8.2989,41.1500
1337,-8.3001,41.1522,-8.3001,41.1522
1338,-8.3012,41.1543,-8.3012,41.1543
1339,-8.3023,41.1563,-8.3023,41.1563
1340,-8.3028,41.1572,-8.3028,41.1572
1341,-8.3036,41.1588,-8.3036,41.1588
1342,-8.3046,41.1608,-8.3046,41.1608
1343,-8.3057,41.1630,-8.3057,41.1630
1344,-8.3057,41.1647,-8.3057,41.1647
1345,-8.3054,41.1665,-8.3054,41.1665
1346,-8.3055,41.1688,-8.3055,41.1688
1347,-8.3054,41.1710,-8.3054,41.1710
1348,-8.3057,41.1730,-8.3057,41.1730
1349,-8.3062,41.1751,-8.3062,41.1751
1350,-8.3064,41.1770,-8.3064,41.1770
1351,-8.3063,41.1789,-8.3063,41.1789
1352,-8.3063,41.1808,-8.3063,41.1808
1353,-8.3061,41.1825,-8.3061,41.1825
1354,-8.3052,41.1841,-8.3052,41.1841
1355,-8.3048,41.1859,-8.3048,41.1859
1356,-8.3037,41.1875,-8.3037,41.1875
1357,-8.3024,41.1891,-8.3024,41.1891
1358,-8.3015,41.1906,-8.3015,41.1906
1359,-8.3013,41.1910,-8.3013,41.1910
1360,-8.3036,41.1918,-8.3036,41.1918
1361,-8.3064,41.1917,-8.3064,41.1917
1362,-8.3086,41.1923,-8.3086,41.1923
1363,-8.3112,41.1928,-8.3112,41.1928
1364,-8.3117,41.1942,-8.3117,41.1942
1365,-8.3112,41.1955,-8.3112,41.1955
1366,-8.3109,41.1975,-8.3109,41.1975
1367,-8.3089,41.1987,-8.3089,41.1987
1368,-8.3086,41.1986,-8.3086,41.1986
1369,-8.3084,41.1987,-8.3084,41.1987
1370,-8.3085,41.1989,-8.3085,41.1989
1371,-8.3114,41.1999,-8.3114,41.1999
1372,-8.3148,41.2010,-8.3148,41.2010
1373,-8.3157,41.2023,-8.3157,41.2023
1374,-8.3128,41.2024,-8.3128,41.2024
1375,-8.3098,41.2028,-8.3098,41.2028
1376,-8.3110,41.2020,-8.3110,41.2020
1377,-8.3170,41.2013,-8.3170,41.2013
1378,-8.3234,41.1989,-8.3234,41.1989
1379,-8.3300,41.1974,-8.3300,41.1974
1380,-8.3367,41.1991,-8.3367,41.1991
1381,-8.3439,41.1989,-8.3439,41.1989
1382,-8.3507,41.1974,-8.3507,41.1974
1383,-8.3565,41.1945,-8.3565,41.1945
1384,-8.3611,41.1900,-8.3611,41.1900
1385,-8.3662,41.1869,-8.3662,41.1869
1386,-8.3710,41.1839,-8.3710,41.1839
1387,-8.3764,41.1817,-8.3764,41.1817
1388,-8.3781,41.1768,-8.3781,41.1768
1389,-8.3805,41.1723,-8.3805,41.1723
1390,-8.3857,41.1697,-8.3857,41.1697
1391,-8.3909,41.1665,-8.3909,41.1665
1392,-8.3974,41.1648,-8.3974,41.1648
1393,-8.4039,41.1666,-8.4039,41.1666
1394,-8.4088,41.1702,-8.4088,41.1702
1395,-8.4134,41.1732,-8.4134,41.1732
1396,-8.4194,41.1754,-8.4194,41.1754
1397,-8.4251,41.1737,-8.4251,41.1737
1398,-8.4314,41.1727,-8.4314,41.1727
1399,-8.4380,41.1746,-8.4380,41.1746
1400,-8.4427,41.1783,-8.4427,41.1783
1401,-8.4477,41.1820,-8.4477,41.1820
1402,-8.4534,41.1849,-8.4534,41.1849
1403,-8.4599,41.1870,-8.4599,41.1870
1404,-8.4671,41.1875,-8.4671,41.1875
1405,-8.4736,41.1876,-8.4736,41.1876
1406,-8.4799,41.1898,-8.4799,41.1898
1407,-8.4841,41.1940,-8.4841,41.1940
1408,-8.4894,41.1965,-8.4894,41.1965
1409,-8.4971,41.1970,-8.4971,41.1970
1410,-8.5049,41.1971,-8.5049,41.1971
1411,-8.5118,41.1982,-8.5118,41.1982
1412,-8.5182,41.1997,-8.5182,41.1997
1413,-8.5237,41.2024,-8.5237,41.2024
1414,-8.5302,41.2032,-8.5302,41.2032
1415,-8.5363,41.2018,-8.5363,41.2018
1416,-8.5424,41.2014,-8.5424,41.2014
1417,-8.5482,41.2013,-8.5482,41.2013
1418,-8.5521,41.2010,-8.5521,41.2010
1419,-8.5562,41.2011,-8.5562,41.2011
1420,-8.5614,41.2017,-8.5614,41.2017
1421,-8.5663,41.2009,-8.5663,41.2009
1422,-8.5706,41.1990,-8.5706,41.1990
1423,-8.5748,41.1989,-8.5748,41.1989
1424,-8.5830,41.1990,-8.5830,41.1990
1425,-8.5878,41.1983,-8.5878,41.1983
1426,-8.5913,41.1968,-8.5913,41.1968
1427,-8.5914,41.1941,-8.5914,41.1941
1428,-8.5934,41.1909,-8.5934,41.1909
1429,-8.5947,41.1870,-8.5947,41.1870
1430,-8.5934,41.1830,-8.5934,41.1830
1431,-8.5934,41.1785,-8.5934,41.1785
1432,-8.5943,41.1745,-8.5943,41.1745
1433,-8.5967,41.1718,-8.5967,41.1718
1434,-8.6005,41.1712,-8.6005,41.1712
1435,-8.6056,41.1719,-8.6056,41.1719
1436,-8.6103,41.1743,-8.6103,41.1743
1437,-8.6156,41.1742,-8.6156,41.1742
1438,-8.6210,41.1736,-8.6210,41.1736
1439,-8.6256,41.1731,-8.6256,41.1731
1440,-8.6305,41.1723,-8.6305,41.1723
1441,-8.6352,41.1713,-8.6352,41.1713
1442,-8.6391,41.1695,-8.6391,41.1695
1443,-8.6421,41.1673,-8.6421,41.1673
1444,-8.6451,41.1656,-8.6451,41.1656
1445,-8.6477,41.1645,-8.6477,41.1645
1446,-8.6492,41.1649,-8.6492,41.1649
1447,-8.6502,41.1652,-8.6502,41.1652
1448,-8.6500,41.1657,-8.6500,41.1657
1449,-8.6500,41.1657,-8.6500,41.1657
1450,-8.6499,41.1662,-8.6499,41.1662
1451,-8.6496,41.1673,-8.6496,41.1673
1452,-8.6499,41.1672,-8.6499,41.1672
1453,-8.6498,41.1672,-8.6498,41.1672
1454,-8.6498,41.1672,-8.6498,41.1672
1455,-8.6498,41.1672,-8.6498,41.1672
1456,-8.6498,41.1672,-8.6498,41.1672
1457,-8.6498,41.1672,-8.6498,41.1672
1458,-8.6497,41.1672,-8.6497,41.1672
1459,-8.6497,41.1672,-8.6497,41.1672
1460,-8.6496,41.1672,-8.6496,41.1672
1461,-8.6497,41.1672,-8.6497,41.1672
1462,-8.6497,41.1672,-8.6497,41.1672
1463,-8.6497,41.1672,-8.6497,41.1672
1464,-8.6498,41.1667,-8.6498,41.1667
1465,-8.6498,41.1666,-8.6498,41.1666
1466,-8.6499,41.1666,-8.6499,41.1666
1467,-8.6498,41.1665,-8.6498,41.1665
1468,-8.6498,41.1665,-8.6498,41.1665
1469,-8.6498,41.1665,-8.6498,41.1665
1470,-8.6496,41.1662,-8.6496,41.1662
1471,-8.6480,41.1660,-8.6480,41.1660
1472,-8.6470,41.1658,-8.6470,41.1658
1473,-8.6464,41.1657,-8.6464,41.1657
1474,-8.6461,41.1656,-8.6461,41.1656
1475,-8.6461,41.1657,-8.6461,41.1657
1476,-8.6454,41.1656,-8.6454,41.1656
1477,-8.6454,41.1655,-8.6454,41.1655
1478,-8.6449,41.1655,-8.6449,41.1655
1479,-8.6446,41.1654,-8.6446,41.1654
1480,-8.6441,41.1654,-8.6441,41.1654
1481,-8.6439,41.1653,-8.6439,41.1653
1482,-8.6425,41.1651,-8.6425,41.1651
1483,-8.6403,41.1647,-8.6403,41.1647
1484,-8.6390,41.1649,-8.6390,41.1649
1485,-8.6405,41.1659,-8.6405,41.1659
1486,-8.6428,41.1678,-8.6428,41.1678
1487,-8.6456,41.1701,-8.6456,41.1701
1488,-8.6488,41.1727,-8.6488,41.1727
1489,-8.6520,41.1753,-8.6520,41.1753
1490,-8.6553,41.1779,-8.6553,41.1779
1491,-8.6592,41.1811,-8.6592,41.1811
1492,-8.6623,41.1836,-8.6623,41.1836
1493,-8.6649,41.1858,-8.6649,41.1858
1494,-8.6668,41.1880,-8.6668,41.1880
1495,-8.6672,41.1905,-8.6672,41.1905
1496,-8.6658,41.1937,-8.6658,41.1937
1497,-8.6636,41.1965,-8.6636,41.1965
1498,-8.6604,41.1988,-8.6604,41.1988
1499,-8.6572,41.2010,-8.6572,41.2010
1500,-8.6534,41.2021,-8.6534,41.2021
1501,-8.6502,41.2015,-8.6502,41.2015
1502,-8.6508,41.2037,-8.6508,41.2037
1503,-8.6516,41.2068,-8.6516,41.2068
1504,-8.6521,41.2105,-8.6521,41.2105
1505,-8.6537,41.2140,-8.6537,41.2140
1506,-8.6564,41.2172,-8.6564,41.2172
1507,-8.6592,41.2201,-8.6592,41.2201
1508,-8.6619,41.2231,-8.6619,41.2231
1509,-8.6647,41.2260,-8.6647,41.2260
1510,-8.6678,41.2286,-8.6678,41.2286
1511,-8.6671,41.2320,-8.6671,41.2320
1512,-8.6674,41.2351,-8.6674,41.2351
1513,-8.6681,41.2376,-8.6681,41.2376
1514,-8.6690,41.2386,-8.6690,41.2386
1515,-8.6699,41.2389,-8.6699,41.2389
1516,-8.6706,41.2389,-8.6706,41.2389
1517,-8.6705,41.2382,-8.6705,41.2382
1518,-8.6703,41.2375,-8.6703,41.2375
1519,-8.6700,41.2364,-8.6700,41.2364
1520,-8.6695,41.2351,-8.6695,41.2351
1521,-8.6691,41.2361,-8.6691,41.2361
1522,-8.6695,41.2377,-8.6695,41.2377
1523,-8.6699,41.2388,-8.6699,41.2388
1524,-8.6704,41.2391,-8.6704,41.2391
1525,-8.6705,41.2383,-8.6705,41.2383
1526,-8.6705,41.2379,-8.6705,41.2379
1527,-8.6704,41.2378,-8.6704,41.2378
1528,-8.6701,41.2377,-8.6701,41.2377
1529,-8.6701,41.2373,-8.6701,41.2373
1530,-8.6699,41.2370,-8.6699,41.2370
1531,-8.6697,41.2362,-8.6697,41.2362
1532,-8.6694,41.2351,-8.6694,41.2351
1533,-8.6691,41.2360,-8.6691,41.2360
1534,-8.6694,41.2373,-8.6694,41.2373
1535,-8.6698,41.2385,-8.6698,41.2385
1536,-8.6702,41.2392,-8.6702,41.2392
1537,-8.6705,41.2385,-8.6705,41.2385
1538,-8.6704,41.2380,-8.6704,41.2380
1539,-8.6703,41.2377,-8.6703,41.2377
1540,-8.6700,41.2377,-8.6700,41.2377
1541,-8.6699,41.2377,-8.6699,41.2377
1542,-8.6699,41.2378,-8.6699,41.2378
1543,-8.6698,41.2378,-8.6698,41.2378
1544,-8.6699,41.2377,-8.6699,41.2377
1545,-8.6699,41.2376,-8.6699,41.2376
1546,-8.6699,41.2376,-8.6699,41.2376
1547,-8.6698,41.2375,-8.6698,41.2375
1548,-8.6698,41.2375,-8.6698,41.2375
1549,-8.6697,41.2375,-8.6697,41.2375
1550,-8.6696,41.2375,-8.6696,41.2375
1551,-8.6696,41.2376,-8.6696,41.2376
1552,-8.6697,41.2376,-8.6697,41.2376
1553,-8.6696,41.2376,-8.6696,41.2376
1554,-8.6698,41.2376,-8.6698,41.2376
1555,-8.6698,41.2376,-8.6698,41.2376
1556,-8.6698,41.2376,-8.6698,41.2376
1557,-8.6699,41.2376,-8.6699,41.2376
1558,-8.6699,41.2375,-8.6699,41.2375
1559,-8.6698,41.2375,-8.6698,41.2375
1560,-8.6698,41.2375,-8.6698,41.2375
1561,-8.6698,41.2375,-8.6698,41.2375
1562,-8.6697,41.2376,-8.6697,41.2376
1563,-8.6697,41.2376,-8.6697,41.2376
1564,-8.6698,41.2376,-8.6698,41.2376
1565,-8.6698,41.2376,-8.6698,41.2376
1566,-8.6694,41.2376,-8.6694,41.2376
1567,-8.6691,41.2376,-8.6691,41.2376
1568,-8.6694,41.2376,-8.6694,41.2376
1569,-8.6696,41.2376,-8.6696,41.2376
1570,-8.6695,41.2376,-8.6695,41.2376
1571,-8.6696,41.2376,-8.6696,41.2376
1572,-8.6696,41.2376,-8.6696,41.2376
1573,-8.6696,41.2376,-8.6696,41.2376
1574,-8.6698,41.2376,-8.6698,41.2376
1575,-8.6697,41.2376,-8.6697,41.2376
1576,-8.6697,41.2376,-8.6697,41.2376
1577,-8.6697,41.2376,-8.6697,41.2376
1578,-8.6698,41.2376,-8.6698,41.2376
1579,-8.6699,41.2376,-8.6699,41.2376
1580,-8.6697,41.2376,-8.6697,41.2376
1581,-8.6697,41.2376,-8.6697,41.2376
1582,-8.6698,41.2376,-8.6698,41.2376
1583,-8.6698,41.2376,-8.6698,41.2376
1584,-8.6698,41.2376,-8.6698,41.2376
1585,-8.6697,41.2371,-8.6697,41.2371
1586,-8.6695,41.2362,-8.6695,41.2362
1587,-8.6691,41.2351,-8.6691,41.2351
1588,-8.6692,41.2365,-8.6692,41.2365
1589,-8.6696,41.2380,-8.6696,41.2380
1590,-8.6700,41.2390,-8.6700,41.2390
1591,-8.6705,41.2391,-8.6705,41.2391
1592,-8.6705,41.2385,-8.6705,41.2385
1593,-8.6703,41.2379,-8.6703,41.2379
1594,-8.6702,41.2375,-8.6702,41.2375
1595,-8.6699,41.2369,-8.6699,41.2369
1596,-8.6695,41.2363,-8.6695,41.2363
1597,-8.6698,41.2356,-8.6698,41.2356
1598,-8.6690,41.2351,-8.6690,41.2351
1599,-8.6691,41.2362,-8.6691,41.2362
1600,-8.6695,41.2377,-8.6695,41.2377
1601,-8.6699,41.2387,-8.6699,41.2387
1602,-8.6702,41.2392,-8.6702,41.2392
1603,-8.6705,41.2386,-8.6705,41.2386
1604,-8.6703,41.2380,-8.6703,41.2380
1605,-8.6702,41.2375,-8.6702,41.2375
1606,-8.6699,41.2368,-8.6699,41.2368
1607,-8.6700,41.2361,-8.6700,41.2361
1608,-8.6695,41.2351,-8.6695,41.2351
1609,-8.6690,41.2358,-8.6690,41.2358
1610,-8.6693,41.2369,-8.6693,41.2369
1611,-8.6696,41.2381,-8.6696,41.2381
1612,-8.6699,41.2387,-8.6699,41.2387
1613,-8.6703,41.2392,-8.6703,41.2392
1614,-8.6705,41.2386,-8.6705,41.2386
1615,-8.6703,41.2380,-8.6703,41.2380
1616,-8.6702,41.2375,-8.6702,41.2375
1617,-8.6701,41.2369,-8.6701,41.2369
1618,-8.6699,41.2362,-8.6699,41.2362
1619,-8.6697,41.2352,-8.6697,41.2352
1620,-8.6689,41.2353,-8.6689,41.2353
1621,-8.6691,41.2363,-8.6691,41.2363
1622,-8.6694,41.2374,-8.6694,41.2374
1623,-8.6698,41.2385,-8.6698,41.2385
1624,-8.6700,41.2391,-8.6700,41.2391
1625,-8.6706,41.2389,-8.6706,41.2389
1626,-8.6704,41.2383,-8.6704,41.2383
1627,-8.6702,41.2379,-8.6702,41.2379
1628,-8.6702,41.2375,-8.6702,41.2375
1629,-8.6698,41.2369,-8.6698,41.2369
1630,-8.6699,41.2362,-8.6699,41.2362
1631,-8.6696,41.2352,-8.6696,41.2352
1632,-8.6689,41.2354,-8.6689,41.2354
1633,-8.6692,41.2365,-8.6692,41.2365
1634,-8.6695,41.2378,-8.6695,41.2378
1635,-8.6699,41.2388,-8.6699,41.2388
1636,-8.6706,41.2390,-8.6706,41.2390
1637,-8.6704,41.2382,-8.6704,41.2382
1638,-8.6704,41.2375,-8.6704,41.2375
1639,-8.6703,41.2377,-8.6703,41.2377
1640,-8.6704,41.2378,-8.6704,41.2378
1641,-8.6700,41.2375,-8.6700,41.2375
1642,-8.6703,41.2368,-8.6703,41.2368
1643,-8.6692,41.2353,-8.6692,41.2353
1644,-8.6692,41.2365,-8.6692,41.2365
1645,-8.6695,41.2382,-8.6695,41.2382
1646,-8.6682,41.2371,-8.6682,41.2371
1647,-8.6672,41.2346,-8.6672,41.2346
1648,-8.6674,41.2317,-8.6674,41.2317
1649,-8.6685,41.2283,-8.6685,41.2283
1650,-8.6692,41.2249,-8.6692,41.2249
1651,-8.6653,41.2237,-8.6653,41.2237
1652,-8.6605,41.2214,-8.6605,41.2214
1653,-8.6563,41.2169,-8.6563,41.2169
1654,-8.6531,41.2122,-8.6531,41.2122
1655,-8.6517,41.2075,-8.6517,41.2075
1656,-8.6514,41.2039,-8.6514,41.2039
1657,-8.6531,41.2024,-8.6531,41.2024
1658,-8.6578,41.2010,-8.6578,41.2010
1659,-8.6618,41.1981,-8.6618,41.1981
1660,-8.6654,41.1953,-8.6654,41.1953
1661,-8.6666,41.1917,-8.6666,41.1917
1662,-8.6690,41.1897,-8.6690,41.1897
1663,-8.6702,41.1879,-8.6702,41.1879
1664,-8.6670,41.1870,-8.6670,41.1870
1665,-8.6653,41.1859,-8.6653,41.1859
1666,-8.6645,41.1852,-8.6645,41.1852
1667,-8.6637,41.1846,-8.6637,41.1846
1668,-8.6623,41.1835,-8.6623,41.1835
1669,-8.6611,41.1825,-8.6611,41.1825
1670,-8.6608,41.1822,-8.6608,41.1822
1671,-8.6602,41.1818,-8.6602,41.1818
1672,-8.6595,41.1812,-8.6595,41.1812
1673,-8.6582,41.1801,-8.6582,41.1801
1674,-8.6560,41.1784,-8.6560,41.1784
1675,-8.6529,41.1758,-8.6529,41.1758
1676,-8.6510,41.1742,-8.6510,41.1742
1677,-8.6482,41.1719,-8.6482,41.1719
1678,-8.6457,41.1699,-8.6457,41.1699
1679,-8.6443,41.1689,-8.6443,41.1689
1680,-8.6419,41.1669,-8.6419,41.1669
1681,-8.6401,41.1653,-8.6401,41.1653
1682,-8.6394,41.1646,-8.6394,41.1646
1683,-8.6378,41.1645,-8.6378,41.1645
1684,-8.6373,41.1639,-8.6373,41.1639
1685,-8.6362,41.1633,-8.6362,41.1633
1686,-8.6354,41.1629,-8.6354,41.1629
1687,-8.6364,41.1624,-8.6364,41.1624
1688,-8.6372,41.1621,-8.6372,41.1621
1689,-8.6365,41.1634,-8.6365,41.1634
1690,-8.6353,41.1629,-8.6353,41.1629
1691,-8.6362,41.1625,-8.6362,41.1625
1692,-8.6371,41.1621,-8.6371,41.1621
1693,-8.6368,41.1635,-8.6368,41.1635
1694,-8.6353,41.1629,-8.6353,41.1629
1695,-8.6360,41.1626,-8.6360,41.1626
1696,-8.6371,41.1621,-8.6371,41.1621
1697,-8.6374,41.1620,-8.6374,41.1620
1698,-8.6376,41.1619,-8.6376,41.1619
1699,-8.6394,41.1611,-8.6394,41.1611
1700,-8.6353,41.1630,-8.6353,41.1630
1701,-8.6357,41.1627,-8.6357,41.1627
1702,-8.6369,41.1622,-8.6369,41.1622
1703,-8.6374,41.1620,-8.6374,41.1620
1704,-8.6375,41.1619,-8.6375,41.1619
1705,-8.6389,41.1613,-8.6389,41.1613
1706,-8.6356,41.1631,-8.6356,41.1631
1707,-8.6355,41.1628,-8.6355,41.1628
1708,-8.6367,41.1623,-8.6367,41.1623
1709,-8.6374,41.1620,-8.6374,41.1620
1710,-8.6374,41.1620,-8.6374,41.1620
1711,-8.6385,41.1615,-8.6385,41.1615
1712,-8.6359,41.1632,-8.6359,41.1632
1713,-8.6354,41.1629,-8.6354,41.1629
1714,-8.6365,41.1624,-8.6365,41.1624
1715,-8.6372,41.1621,-8.6372,41.1621
1716,-8.6374,41.1620,-8.6374,41.1620
1717,-8.6381,41.1617,-8.6381,41.1617
1718,-8.6402,41.1607,-8.6402,41.1607
1719,-8.6415,41.1604,-8.6415,41.1604
1720,-8.6407,41.1612,-8.6407,41.1612
1721,-8.6405,41.1612,-8.6405,41.1612
1722,-8.6409,41.1614,-8.6409,41.1614
1723,-8.6411,41.1615,-8.6411,41.1615
1724,-8.6412,41.1616,-8.6412,41.1616
1725,-8.6413,41.1617,-8.6413,41.1617
1726,-8.6415,41.1617,-8.6415,41.1617
1727,-8.6418,41.1617,-8.6418,41.1617
1728,-8.6420,41.1617,-8.6420,41.1617
1729,-8.6419,41.1617,-8.6419,41.1617
1730,-8.6416,41.1617,-8.6416,41.1617
