1,-8.6088,41.1625,-8.6088,41.1625
2,-8.6111,41.1627,-8.6111,41.1627
3,-8.6136,41.1631,-8.6136,41.1631
4,-8.6161,41.1634,-8.6161,41.1634
5,-8.6186,41.1637,-8.6186,41.1637
6,-8.6206,41.1640,-8.6206,41.1640
7,-8.6206,41.1642,-8.6206,41.1642
8,-8.6206,41.1642,-8.6206,41.1642
9,-8.6206,41.1641,-8.6206,41.1641
10,-8.6206,41.1641,-8.6206,41.1641
11,-8.6207,41.1640,-8.6207,41.1640
12,-8.6207,41.1640,-8.6207,41.1640
13,-8.6206,41.1640,-8.6206,41.1640
14,-8.6206,41.1640,-8.6206,41.1640
15,-8.6206,41.1641,-8.6206,41.1641
16,-8.6206,41.1641,-8.6206,41.1641
17,-8.6206,41.1642,-8.6206,41.1642
18,-8.6206,41.1643,-8.6206,41.1643
19,-8.6205,41.1643,-8.6205,41.1643
20,-8.6206,41.1643,-8.6206,41.1643
21,-8.6206,41.1643,-8.6206,41.1643
22,-8.6206,41.1642,-8.6206,41.1642
23,-8.6206,41.1642,-8.6206,41.1642
24,-8.6206,41.1642,-8.6206,41.1642
25,-8.6206,41.1642,-8.6206,41.1642
26,-8.6206,41.1642,-8.6206,41.1642
27,-8.6206,41.1642,-8.6206,41.1642
28,-8.6206,41.1642,-8.6206,41.1642
29,-8.6206,41.1642,-8.6206,41.1642
30,-8.6206,41.1642,-8.6206,41.1642
31,-8.6206,41.1642,-8.6206,41.1642
32,-8.6206,41.1642,-8.6206,41.1642
33,-8.6206,41.1642,-8.6206,41.1642
34,-8.6206,41.1642,-8.6206,41.1642
35,-8.6206,41.1642,-8.6206,41.1642
36,-8.6206,41.1642,-8.6206,41.1642
37,-8.6206,41.1642,-8.6206,41.1642
38,-8.6206,41.1642,-8.6206,41.1642
39,-8.6206,41.1642,-8.6206,41.1642
40,-8.6206,41.1642,-8.6206,41.1642
41,-8.6206,41.1641,-8.6206,41.1641
42,-8.6206,41.1642,-8.6206,41.1642
43,-8.6206,41.1642,-8.6206,41.1642
44,-8.6206,41.1642,-8.6206,41.1642
45,-8.6207,41.1642,-8.6207,41.1642
46,-8.6207,41.1642,-8.6207,41.1642
47,-8.6207,41.1642,-8.6207,41.1642
48,-8.6206,41.1642,-8.6206,41.1642
49,-8.6206,41.1642,-8.6206,41.1642
50,-8.6206,41.1642,-8.6206,41.1642
51,-8.6206,41.1642,-8.6206,41.1642
52,-8.6206,41.1642,-8.6206,41.1642
53,-8.6207,41.1642,-8.6207,41.1642
54,-8.6206,41.1642,-8.6206,41.1642
55,-8.6207,41.1642,-8.6207,41.1642
56,-8.6206,41.1643,-8.6206,41.1643
57,-8.6206,41.1643,-8.6206,41.1643
58,-8.6206,41.1643,-8.6206,41.1643
59,-8.6207,41.1643,-8.6207,41.1643
60,-8.6207,41.1643,-8.6207,41.1643
61,-8.6207,41.1643,-8.6207,41.1643
62,-8.6207,41.1643,-8.6207,41.1643
63,-8.6206,41.1642,-8.6206,41.1642
64,-8.6206,41.1643,-8.6206,41.1643
65,-8.6206,41.1643,-8.6206,41.1643
66,-8.6206,41.1643,-8.6206,41.1643
67,-8.6206,41.1642,-8.6206,41.1642
68,-8.6206,41.1642,-8.6206,41.1642
69,-8.6206,41.1642,-8.6206,41.1642
70,-8.6206,41.1642,-8.6206,41.1642
71,-8.6206,41.1642,-8.6206,41.1642
72,-8.6206,41.1641,-8.6206,41.1641
73,-8.6206,41.1641,-8.6206,41.1641
74,-8.6206,41.1641,-8.6206,41.1641
75,-8.6206,41.1641,-8.6206,41.1641
76,-8.6206,41.1641,-8.6206,41.1641
77,-8.6206,41.1641,-8.6206,41.1641
78,-8.6206,41.1641,-8.6206,41.1641
79,-8.6206,41.1642,-8.6206,41.1642
80,-8.6206,41.1641,-8.6206,41.1641
81,-8.6206,41.1641,-8.6206,41.1641
82,-8.6206,41.1641,-8.6206,41.1641
83,-8.6206,41.1641,-8.6206,41.1641
84,-8.6206,41.1641,-8.6206,41.1641
85,-8.6206,41.1641,-8.6206,41.1641
86,-8.6206,41.1641,-8.6206,41.1641
87,-8.6206,41.1641,-8.6206,41.1641
88,-8.6206,41.1641,-8.6206,41.1641
89,-8.6206,41.1641,-8.6206,41.1641
90,-8.6206,41.1641,-8.6206,41.1641
91,-8.6206,41.1641,-8.6206,41.1641
92,-8.6206,41.1641,-8.6206,41.1641
93,-8.6206,41.1641,-8.6206,41.1641
94,-8.6206,41.1641,-8.6206,41.1641
95,-8.6206,41.1641,-8.6206,41.1641
96,-8.6206,41.1641,-8.6206,41.1641
97,-8.6206,41.1642,-8.6206,41.1642
98,-8.6206,41.1642,-8.6206,41.1642
99,-8.6206,41.1642,-8.6206,41.1642
100,-8.6206,41.1642,-8.6206,41.1642
101,-8.6206,41.1641,-8.6206,41.1641
102,-8.6206,41.1641,-8.6206,41.1641
103,-8.6206,41.1641,-8.6206,41.1641
104,-8.6206,41.1641,-8.6206,41.1641
105,-8.6206,41.1641,-8.6206,41.1641
106,-8.6206,41.1641,-8.6206,41.1641
107,-8.6206,41.1641,-8.6206,41.1641
108,-8.6206,41.1641,-8.6206,41.1641
109,-8.6206,41.1641,-8.6206,41.1641
110,-8.6206,41.1641,-8.6206,41.1641
111,-8.6206,41.1641,-8.6206,41.1641
112,-8.6206,41.1641,-8.6206,41.1641
113,-8.6206,41.1641,-8.6206,41.1641
114,-8.6206,41.1641,-8.6206,41.1641
115,-8.6206,41.1641,-8.6206,41.1641
116,-8.6206,41.1641,-8.6206,41.1641
117,-8.6206,41.1641,-8.6206,41.1641
118,-8.6206,41.1641,-8.6206,41.1641
119,-8.6206,41.1641,-8.6206,41.1641
120,-8.6206,41.1641,-8.6206,41.1641
121,-8.6206,41.1641,-8.6206,41.1641
122,-8.6206,41.1641,-8.6206,41.1641
123,-8.6206,41.1641,-8.6206,41.1641
124,-8.6206,41.1641,-8.6206,41.1641
125,-8.6206,41.1641,-8.6206,41.1641
126,-8.6207,41.1641,-8.6207,41.1641
127,-8.6207,41.1641,-8.6207,41.1641
128,-8.6206,41.1641,-8.6206,41.1641
129,-8.6206,41.1641,-8.6206,41.1641
130,-8.6206,41.1641,-8.6206,41.1641
131,-8.6206,41.1642,-8.6206,41.1642
132,-8.6206,41.1642,-8.6206,41.1642
133,-8.6206,41.1642,-8.6206,41.1642
134,-8.6206,41.1642,-8.6206,41.1642
135,-8.6206,41.1642,-8.6206,41.1642
136,-8.6206,41.1641,-8.6206,41.1641
137,-8.6206,41.1641,-8.6206,41.1641
138,-8.6206,41.1641,-8.6206,41.1641
139,-8.6206,41.1641,-8.6206,41.1641
140,-8.6206,41.1641,-8.6206,41.1641
141,-8.6206,41.1641,-8.6206,41.1641
142,-8.6206,41.1641,-8.6206,41.1641
143,-8.6206,41.1641,-8.6206,41.1641
144,-8.6206,41.1641,-8.6206,41.1641
145,-8.6206,41.1641,-8.6206,41.1641
146,-8.6206,41.1641,-8.6206,41.1641
147,-8.6206,41.1642,-8.6206,41.1642
148,-8.6206,41.1642,-8.6206,41.1642
149,-8.6206,41.1642,-8.6206,41.1642
150,-8.6206,41.1642,-8.6206,41.1642
151,-8.6206,41.1641,-8.6206,41.1641
152,-8.6206,41.1641,-8.6206,41.1641
153,-8.6206,41.1641,-8.6206,41.1641
154,-8.6207,41.1641,-8.6207,41.1641
155,-8.6207,41.1641,-8.6207,41.1641
156,-8.6207,41.1641,-8.6207,41.1641
157,-8.6206,41.1641,-8.6206,41.1641
158,-8.6207,41.1641,-8.6207,41.1641
159,-8.6207,41.1641,-8.6207,41.1641
160,-8.6206,41.1641,-8.6206,41.1641
161,-8.6206,41.1641,-8.6206,41.1641
162,-8.6206,41.1641,-8.6206,41.1641
163,-8.6206,41.1641,-8.6206,41.1641
164,-8.6206,41.1641,-8.6206,41.1641
165,-8.6206,41.1641,-8.6206,41.1641
166,-8.6206,41.1641,-8.6206,41.1641
167,-8.6206,41.1641,-8.6206,41.1641
168,-8.6206,41.1641,-8.6206,41.1641
169,-8.6206,41.1641,-8.6206,41.1641
170,-8.6207,41.1641,-8.6207,41.1641
171,-8.6206,41.1641,-8.6206,41.1641
172,-8.6206,41.1641,-8.6206,41.1641
173,-8.6206,41.1641,-8.6206,41.1641
174,-8.6206,41.1641,-8.6206,41.1641
175,-8.6206,41.1641,-8.6206,41.1641
176,-8.6206,41.1641,-8.6206,41.1641
177,-8.6206,41.1641,-8.6206,41.1641
178,-8.6206,41.1642,-8.6206,41.1642
179,-8.6207,41.1642,-8.6207,41.1642
180,-8.6207,41.1642,-8.6207,41.1642
181,-8.6207,41.1642,-8.6207,41.1642
182,-8.6207,41.1642,-8.6207,41.1642
183,-8.6207,41.1642,-8.6207,41.1642
184,-8.6207,41.1642,-8.6207,41.1642
185,-8.6207,41.1642,-8.6207,41.1642
186,-8.6207,41.1642,-8.6207,41.1642
187,-8.6207,41.1642,-8.6207,41.1642
188,-8.6207,41.1642,-8.6207,41.1642
189,-8.6207,41.1642,-8.6207,41.1642
190,-8.6207,41.1642,-8.6207,41.1642
191,-8.6207,41.1642,-8.6207,41.1642
192,-8.6207,41.1642,-8.6207,41.1642
193,-8.6207,41.1642,-8.6207,41.1642
194,-8.6207,41.1642,-8.6207,41.1642
195,-8.6207,41.1642,-8.6207,41.1642
196,-8.6207,41.1642,-8.6207,41.1642
197,-8.6207,41.1642,-8.6207,41.1642
198,-8.6207,41.1642,-8.6207,41.1642
199,-8.6207,41.1642,-8.6207,41.1642
200,-8.6207,41.1642,-8.6207,41.1642
201,-8.6207,41.1642,-8.6207,41.1642
202,-8.6207,41.1642,-8.6207,41.1642
203,-8.6207,41.1642,-8.6207,41.1642
204,-8.6207,41.1642,-8.6207,41.1642
205,-8.6207,41.1642,-8.6207,41.1642
206,-8.6207,41.1642,-8.6207,41.1642
207,-8.6207,41.1642,-8.6207,41.1642
208,-8.6207,41.1642,-8.6207,41.1642
209,-8.6207,41.1642,-8.6207,41.1642
210,-8.5913,41.1402,-8.5913,41.1402
211,-8.5943,41.1400,-8.5943,41.1400
212,-8.6207,41.1642,-8.6207,41.1642
213,-8.6207,41.1642,-8.6207,41.1642
214,-8.6207,41.1642,-8.6207,41.1642
215,-8.6207,41.1642,-8.6207,41.1642
216,-8.6207,41.1642,-8.6207,41.1642
217,-8.6207,41.1642,-8.6207,41.1642
218,-8.6207,41.1642,-8.6207,41.1642
219,-8.6207,41.1642,-8.6207,41.1642
220,-8.6207,41.1642,-8.6207,41.1642
221,-8.6207,41.1642,-8.6207,41.1642
222,-8.6207,41.1642,-8.6207,41.1642
223,-8.6207,41.1642,-8.6207,41.1642
224,-8.6207,41.1642,-8.6207,41.1642
225,-8.6207,41.1642,-8.6207,41.1642
226,-8.6207,41.1641,-8.6207,41.1641
227,-8.6207,41.1642,-8.6207,41.1642
228,-8.6207,41.1642,-8.6207,41.1642
229,-8.6206,41.1642,-8.6206,41.1642
230,-8.6207,41.1642,-8.6207,41.1642
231,-8.6207,41.1642,-8.6207,41.1642
232,-8.6207,41.1642,-8.6207,41.1642
233,-8.6207,41.1642,-8.6207,41.1642
234,-8.6207,41.1642,-8.6207,41.1642
235,-8.6207,41.1642,-8.6207,41.1642
236,-8.6207,41.1642,-8.6207,41.1642
237,-8.6207,41.1642,-8.6207,41.1642
238,-8.6207,41.1642,-8.6207,41.1642
239,-8.6207,41.1642,-8.6207,41.1642
240,-8.6207,41.1642,-8.6207,41.1642
241,-8.6207,41.1642,-8.6207,41.1642
242,-8.6207,41.1642,-8.6207,41.1642
243,-8.6208,41.1642,-8.6208,41.1642
244,-8.6207,41.1642,-8.6207,41.1642
245,-8.6207,41.1642,-8.6207,41.1642
246,-8.6207,41.1642,-8.6207,41.1642
247,-8.6207,41.1642,-8.6207,41.1642
248,-8.6207,41.1642,-8.6207,41.1642
249,-8.6207,41.1642,-8.6207,41.1642
250,-8.6207,41.1642,-8.6207,41.1642
251,-8.6207,41.1642,-8.6207,41.1642
252,-8.6207,41.1642,-8.6207,41.1642
253,-8.6207,41.1642,-8.6207,41.1642
254,-8.6207,41.1642,-8.6207,41.1642
255,-8.6207,41.1642,-8.6207,41.1642
256,-8.6207,41.1641,-8.6207,41.1641
257,-8.6207,41.1641,-8.6207,41.1641
258,-8.6207,41.1641,-8.6207,41.1641
259,-8.6207,41.1641,-8.6207,41.1641
260,-8.6207,41.1641,-8.6207,41.1641
261,-8.6207,41.1641,-8.6207,41.1641
262,-8.6207,41.1642,-8.6207,41.1642
263,-8.6207,41.1642,-8.6207,41.1642
264,-8.6207,41.1641,-8.6207,41.1641
265,-8.6207,41.1642,-8.6207,41.1642
266,-8.6207,41.1642,-8.6207,41.1642
267,-8.6207,41.1642,-8.6207,41.1642
268,-8.6207,41.1642,-8.6207,41.1642
269,-8.6207,41.1642,-8.6207,41.1642
270,-8.6207,41.1642,-8.6207,41.1642
271,-8.6207,41.1642,-8.6207,41.1642
272,-8.6207,41.1642,-8.6207,41.1642
273,-8.6207,41.1642,-8.6207,41.1642
274,-8.6207,41.1642,-8.6207,41.1642
275,-8.6207,41.1642,-8.6207,41.1642
276,-8.6207,41.1642,-8.6207,41.1642
277,-8.6207,41.1642,-8.6207,41.1642
278,-8.6208,41.1642,-8.6208,41.1642
279,-8.6208,41.1642,-8.6208,41.1642
280,-8.6207,41.1642,-8.6207,41.1642
281,-8.6208,41.1642,-8.6208,41.1642
282,-8.6207,41.1642,-8.6207,41.1642
283,-8.6207,41.1642,-8.6207,41.1642
284,-8.6207,41.1642,-8.6207,41.1642
285,-8.6207,41.1642,-8.6207,41.1642
286,-8.6207,41.1642,-8.6207,41.1642
287,-8.6207,41.1642,-8.6207,41.1642
288,-8.6207,41.1642,-8.6207,41.1642
289,-8.6207,41.1642,-8.6207,41.1642
290,-8.6207,41.1642,-8.6207,41.1642
291,-8.6207,41.1642,-8.6207,41.1642
292,-8.6207,41.1642,-8.6207,41.1642
293,-8.6207,41.1642,-8.6207,41.1642
294,-8.6207,41.1642,-8.6207,41.1642
295,-8.6207,41.1642,-8.6207,41.1642
296,-8.6207,41.1642,-8.6207,41.1642
297,-8.6207,41.1642,-8.6207,41.1642
298,-8.6207,41.1642,-8.6207,41.1642
299,-8.6207,41.1642,-8.6207,41.1642
300,-8.6207,41.1642,-8.6207,41.1642
301,-8.6207,41.1642,-8.6207,41.1642
302,-8.6207,41.1642,-8.6207,41.1642
303,-8.6207,41.1642,-8.6207,41.1642
304,-8.6207,41.1642,-8.6207,41.1642
305,-8.6207,41.1642,-8.6207,41.1642
306,-8.6207,41.1642,-8.6207,41.1642
307,-8.6207,41.1642,-8.6207,41.1642
308,-8.6207,41.1642,-8.6207,41.1642
309,-8.6207,41.1642,-8.6207,41.1642
310,-8.6207,41.1642,-8.6207,41.1642
311,-8.6207,41.1642,-8.6207,41.1642
312,-8.6207,41.1642,-8.6207,41.1642
313,-8.6207,41.1642,-8.6207,41.1642
314,-8.6207,41.1642,-8.6207,41.1642
315,-8.6207,41.1642,-8.6207,41.1642
316,-8.6207,41.1642,-8.6207,41.1642
317,-8.6207,41.1642,-8.6207,41.1642
318,-8.6207,41.1642,-8.6207,41.1642
319,-8.6207,41.1642,-8.6207,41.1642
320,-8.6207,41.1642,-8.6207,41.1642
321,-8.6207,41.1642,-8.6207,41.1642
322,-8.6207,41.1642,-8.6207,41.1642
323,-8.6207,41.1642,-8.6207,41.1642
324,-8.6207,41.1641,-8.6207,41.1641
325,-8.6207,41.1642,-8.6207,41.1642
326,-8.6207,41.1642,-8.6207,41.1642
327,-8.6207,41.1642,-8.6207,41.1642
328,-8.6207,41.1642,-8.6207,41.1642
329,-8.6207,41.1642,-8.6207,41.1642
330,-8.6207,41.1642,-8.6207,41.1642
331,-8.6207,41.1642,-8.6207,41.1642
332,-8.6207,41.1642,-8.6207,41.1642
333,-8.6207,41.1642,-8.6207,41.1642
334,-8.6207,41.1642,-8.6207,41.1642
335,-8.6207,41.1641,-8.6207,41.1641
336,-8.6207,41.1641,-8.6207,41.1641
337,-8.6207,41.1641,-8.6207,41.1641
338,-8.6207,41.1641,-8.6207,41.1641
339,-8.6207,41.1641,-8.6207,41.1641
340,-8.6207,41.1642,-8.6207,41.1642
341,-8.6207,41.1642,-8.6207,41.1642
342,-8.6207,41.1642,-8.6207,41.1642
343,-8.6207,41.1642,-8.6207,41.1642
344,-8.6207,41.1642,-8.6207,41.1642
345,-8.6207,41.1642,-8.6207,41.1642
346,-8.6207,41.1642,-8.6207,41.1642
347,-8.6207,41.1642,-8.6207,41.1642
348,-8.6207,41.1642,-8.6207,41.1642
349,-8.6207,41.1642,-8.6207,41.1642
350,-8.6207,41.1642,-8.6207,41.1642
351,-8.6207,41.1642,-8.6207,41.1642
352,-8.6207,41.1642,-8.6207,41.1642
353,-8.6208,41.1642,-8.6208,41.1642
354,-8.6208,41.1642,-8.6208,41.1642
355,-8.6208,41.1642,-8.6208,41.1642
356,-8.6208,41.1642,-8.6208,41.1642
357,-8.6208,41.1642,-8.6208,41.1642
358,-8.6207,41.1642,-8.6207,41.1642
359,-8.6208,41.1642,-8.6208,41.1642
360,-8.6208,41.1642,-8.6208,41.1642
361,-8.6208,41.1642,-8.6208,41.1642
362,-8.6208,41.1642,-8.6208,41.1642
363,-8.6207,41.1642,-8.6207,41.1642
364,-8.6207,41.1642,-8.6207,41.1642
365,-8.6207,41.1642,-8.6207,41.1642
366,-8.6208,41.1642,-8.6208,41.1642
367,-8.6207,41.1642,-8.6207,41.1642
368,-8.6207,41.1642,-8.6207,41.1642
369,-8.6208,41.1642,-8.6208,41.1642
370,-8.6207,41.1642,-8.6207,41.1642
371,-8.6207,41.1642,-8.6207,41.1642
372,-8.6207,41.1642,-8.6207,41.1642
373,-8.6207,41.1642,-8.6207,41.1642
374,-8.6207,41.1642,-8.6207,41.1642
375,-8.6207,41.1641,-8.6207,41.1641
376,-8.6207,41.1642,-8.6207,41.1642
377,-8.6207,41.1642,-8.6207,41.1642
378,-8.6207,41.1642,-8.6207,41.1642
379,-8.6207,41.1641,-8.6207,41.1641
380,-8.6206,41.1641,-8.6206,41.1641
381,-8.6206,41.1641,-8.6206,41.1641
382,-8.6206,41.1641,-8.6206,41.1641
383,-8.6206,41.1641,-8.6206,41.1641
384,-8.6206,41.1641,-8.6206,41.1641
385,-8.6206,41.1641,-8.6206,41.1641
386,-8.6206,41.1641,-8.6206,41.1641
387,-8.6206,41.1641,-8.6206,41.1641
388,-8.6206,41.1641,-8.6206,41.1641
389,-8.6206,41.1641,-8.6206,41.1641
390,-8.6206,41.1641,-8.6206,41.1641
391,-8.6206,41.1641,-8.6206,41.1641
392,-8.6206,41.1641,-8.6206,41.1641
393,-8.6206,41.1641,-8.6206,41.1641
394,-8.6206,41.1642,-8.6206,41.1642
395,-8.6206,41.1642,-8.6206,41.1642
396,-8.6206,41.1642,-8.6206,41.1642
397,-8.6206,41.1642,-8.6206,41.1642
398,-8.6206,41.1642,-8.6206,41.1642
399,-8.6206,41.1642,-8.6206,41.1642
400,-8.6206,41.1641,-8.6206,41.1641
401,-8.6206,41.1641,-8.6206,41.1641
402,-8.6206,41.1641,-8.6206,41.1641
403,-8.6206,41.1641,-8.6206,41.1641
404,-8.6206,41.1641,-8.6206,41.1641
405,-8.6206,41.1641,-8.6206,41.1641
406,-8.6206,41.1641,-8.6206,41.1641
407,-8.6206,41.1641,-8.6206,41.1641
408,-8.6205,41.1642,-8.6205,41.1642
409,-8.6206,41.1642,-8.6206,41.1642
410,-8.6205,41.1642,-8.6205,41.1642
411,-8.6206,41.1642,-8.6206,41.1642
412,-8.6206,41.1642,-8.6206,41.1642
413,-8.6206,41.1642,-8.6206,41.1642
414,-8.6206,41.1642,-8.6206,41.1642
415,-8.6206,41.1641,-8.6206,41.1641
416,-8.6206,41.1641,-8.6206,41.1641
417,-8.6206,41.1641,-8.6206,41.1641
418,-8.6206,41.1641,-8.6206,41.1641
419,-8.6206,41.1641,-8.6206,41.1641
420,-8.6206,41.1641,-8.6206,41.1641
421,-8.6206,41.1641,-8.6206,41.1641
422,-8.6206,41.1642,-8.6206,41.1642
423,-8.6206,41.1641,-8.6206,41.1641
424,-8.6206,41.1641,-8.6206,41.1641
425,-8.6206,41.1641,-8.6206,41.1641
426,-8.6206,41.1641,-8.6206,41.1641
427,-8.6206,41.1641,-8.6206,41.1641
428,-8.6206,41.1641,-8.6206,41.1641
429,-8.6206,41.1641,-8.6206,41.1641
430,-8.6206,41.1641,-8.6206,41.1641
431,-8.6206,41.1641,-8.6206,41.1641
432,-8.6206,41.1641,-8.6206,41.1641
433,-8.6206,41.1641,-8.6206,41.1641
434,-8.6206,41.1641,-8.6206,41.1641
435,-8.6206,41.1641,-8.6206,41.1641
436,-8.6206,41.1641,-8.6206,41.1641
437,-8.6206,41.1641,-8.6206,41.1641
438,-8.6206,41.1641,-8.6206,41.1641
439,-8.6206,41.1642,-8.6206,41.1642
440,-8.6206,41.1642,-8.6206,41.1642
441,-8.6206,41.1641,-8.6206,41.1641
442,-8.6206,41.1642,-8.6206,41.1642
443,-8.6206,41.1642,-8.6206,41.1642
444,-8.6206,41.1642,-8.6206,41.1642
445,-8.6206,41.1642,-8.6206,41.1642
446,-8.6206,41.1642,-8.6206,41.1642
447,-8.6206,41.1642,-8.6206,41.1642
448,-8.6206,41.1642,-8.6206,41.1642
449,-8.6206,41.1642,-8.6206,41.1642
450,-8.6206,41.1642,-8.6206,41.1642
451,-8.6206,41.1642,-8.6206,41.1642
452,-8.6206,41.1642,-8.6206,41.1642
453,-8.6206,41.1642,-8.6206,41.1642
454,-8.6206,41.1642,-8.6206,41.1642
455,-8.6206,41.1643,-8.6206,41.1643
456,-8.6206,41.1643,-8.6206,41.1643
457,-8.6206,41.1644,-8.6206,41.1644
458,-8.6206,41.1643,-8.6206,41.1643
459,-8.6206,41.1643,-8.6206,41.1643
460,-8.6206,41.1643,-8.6206,41.1643
461,-8.6206,41.1643,-8.6206,41.1643
462,-8.6206,41.1642,-8.6206,41.1642
463,-8.6206,41.1642,-8.6206,41.1642
464,-8.6205,41.1643,-8.6205,41.1643
465,-8.6205,41.1643,-8.6205,41.1643
466,-8.6205,41.1643,-8.6205,41.1643
467,-8.6206,41.1643,-8.6206,41.1643
468,-8.6206,41.1642,-8.6206,41.1642
469,-8.6206,41.1642,-8.6206,41.1642
470,-8.6206,41.1642,-8.6206,41.1642
471,-8.6206,41.1642,-8.6206,41.1642
472,-8.6206,41.1642,-8.6206,41.1642
473,-8.6206,41.1642,-8.6206,41.1642
474,-8.6206,41.1642,-8.6206,41.1642
475,-8.6206,41.1642,-8.6206,41.1642
476,-8.6206,41.1642,-8.6206,41.1642
477,-8.6206,41.1642,-8.6206,41.1642
478,-8.6206,41.1642,-8.6206,41.1642
479,-8.6206,41.1642,-8.6206,41.1642
480,-8.6206,41.1642,-8.6206,41.1642
481,-8.6206,41.1643,-8.6206,41.1643
482,-8.6206,41.1643,-8.6206,41.1643
483,-8.6206,41.1643,-8.6206,41.1643
484,-8.6206,41.1643,-8.6206,41.1643
485,-8.6206,41.1643,-8.6206,41.1643
486,-8.6206,41.1642,-8.6206,41.1642
487,-8.6206,41.1642,-8.6206,41.1642
488,-8.6206,41.1642,-8.6206,41.1642
489,-8.6206,41.1642,-8.6206,41.1642
490,-8.6206,41.1642,-8.6206,41.1642
491,-8.6206,41.1642,-8.6206,41.1642
492,-8.6206,41.1642,-8.6206,41.1642
493,-8.6206,41.1642,-8.6206,41.1642
494,-8.6206,41.1642,-8.6206,41.1642
495,-8.6206,41.1642,-8.6206,41.1642
496,-8.6206,41.1642,-8.6206,41.1642
497,-8.6207,41.1642,-8.6207,41.1642
498,-8.6207,41.1642,-8.6207,41.1642
499,-8.6207,41.1642,-8.6207,41.1642
500,-8.6207,41.1642,-8.6207,41.1642
501,-8.6207,41.1642,-8.6207,41.1642
502,-8.6206,41.1642,-8.6206,41.1642
503,-8.6206,41.1642,-8.6206,41.1642
504,-8.6207,41.1642,-8.6207,41.1642
505,-8.6206,41.1642,-8.6206,41.1642
506,-8.6206,41.1642,-8.6206,41.1642
507,-8.6206,41.1642,-8.6206,41.1642
508,-8.6206,41.1642,-8.6206,41.1642
509,-8.6206,41.1642,-8.6206,41.1642
510,-8.6206,41.1642,-8.6206,41.1642
511,-8.6207,41.1642,-8.6207,41.1642
512,-8.6207,41.1643,-8.6207,41.1643
513,-8.6206,41.1643,-8.6206,41.1643
514,-8.6206,41.1643,-8.6206,41.1643
515,-8.6206,41.1642,-8.6206,41.1642
516,-8.6206,41.1643,-8.6206,41.1643
517,-8.6206,41.1643,-8.6206,41.1643
518,-8.6206,41.1643,-8.6206,41.1643
519,-8.6206,41.1643,-8.6206,41.1643
520,-8.6206,41.1643,-8.6206,41.1643
521,-8.6206,41.1643,-8.6206,41.1643
522,-8.6206,41.1643,-8.6206,41.1643
523,-8.6206,41.1643,-8.6206,41.1643
524,-8.6206,41.1643,-8.6206,41.1643
525,-8.6206,41.1643,-8.6206,41.1643
526,-8.6206,41.1643,-8.6206,41.1643
527,-8.6206,41.1643,-8.6206,41.1643
528,-8.6206,41.1643,-8.6206,41.1643
529,-8.6206,41.1643,-8.6206,41.1643
530,-8.6206,41.1643,-8.6206,41.1643
531,-8.6206,41.1643,-8.6206,41.1643
532,-8.6206,41.1643,-8.6206,41.1643
533,-8.6206,41.1643,-8.6206,41.1643
534,-8.6206,41.1643,-8.6206,41.1643
535,-8.6206,41.1643,-8.6206,41.1643
536,-8.6206,41.1643,-8.6206,41.1643
537,-8.6206,41.1643,-8.6206,41.1643
538,-8.6206,41.1643,-8.6206,41.1643
539,-8.6206,41.1643,-8.6206,41.1643
540,-8.6206,41.1643,-8.6206,41.1643
541,-8.6206,41.1643,-8.6206,41.1643
542,-8.6206,41.1643,-8.6206,41.1643
543,-8.6206,41.1643,-8.6206,41.1643
544,-8.6206,41.1643,-8.6206,41.1643
545,-8.6206,41.1643,-8.6206,41.1643
546,-8.6206,41.1643,-8.6206,41.1643
547,-8.6206,41.1643,-8.6206,41.1643
548,-8.6206,41.1643,-8.6206,41.1643
549,-8.6206,41.1643,-8.6206,41.1643
550,-8.6206,41.1643,-8.6206,41.1643
551,-8.6206,41.1643,-8.6206,41.1643
552,-8.6206,41.1643,-8.6206,41.1643
553,-8.6206,41.1643,-8.6206,41.1643
554,-8.6206,41.1643,-8.6206,41.1643
555,-8.6206,41.1643,-8.6206,41.1643
556,-8.6206,41.1642,-8.6206,41.1642
557,-8.6206,41.1643,-8.6206,41.1643
558,-8.6205,41.1643,-8.6205,41.1643
559,-8.6205,41.1643,-8.6205,41.1643
560,-8.6205,41.1642,-8.6205,41.1642
561,-8.6205,41.1643,-8.6205,41.1643
562,-8.6205,41.1643,-8.6205,41.1643
563,-8.6205,41.1643,-8.6205,41.1643
564,-8.6205,41.1643,-8.6205,41.1643
565,-8.6205,41.1642,-8.6205,41.1642
566,-8.6205,41.1642,-8.6205,41.1642
567,-8.6205,41.1642,-8.6205,41.1642
568,-8.6205,41.1642,-8.6205,41.1642
569,-8.6205,41.1642,-8.6205,41.1642
570,-8.6205,41.1642,-8.6205,41.1642
571,-8.6204,41.1642,-8.6204,41.1642
572,-8.6205,41.1643,-8.6205,41.1643
573,-8.6205,41.1643,-8.6205,41.1643
574,-8.6204,41.1643,-8.6204,41.1643
575,-8.6204,41.1643,-8.6204,41.1643
576,-8.6204,41.1643,-8.6204,41.1643
577,-8.6204,41.1642,-8.6204,41.1642
578,-8.6204,41.1642,-8.6204,41.1642
579,-8.6205,41.1642,-8.6205,41.1642
580,-8.6204,41.1642,-8.6204,41.1642
581,-8.6204,41.1643,-8.6204,41.1643
582,-8.6204,41.1643,-8.6204,41.1643
583,-8.6204,41.1643,-8.6204,41.1643
584,-8.6204,41.1643,-8.6204,41.1643
585,-8.6204,41.1643,-8.6204,41.1643
586,-8.6204,41.1642,-8.6204,41.1642
587,-8.6204,41.1642,-8.6204,41.1642
588,-8.6204,41.1642,-8.6204,41.1642
589,-8.6205,41.1642,-8.6205,41.1642
590,-8.6204,41.1642,-8.6204,41.1642
591,-8.6205,41.1641,-8.6205,41.1641
592,-8.6205,41.1641,-8.6205,41.1641
593,-8.6205,41.1642,-8.6205,41.1642
594,-8.6205,41.1642,-8.6205,41.1642
595,-8.6205,41.1642,-8.6205,41.1642
596,-8.6205,41.1642,-8.6205,41.1642
597,-8.6205,41.1642,-8.6205,41.1642
598,-8.6205,41.1642,-8.6205,41.1642
599,-8.6205,41.1642,-8.6205,41.1642
600,-8.6205,41.1642,-8.6205,41.1642
601,-8.6205,41.1642,-8.6205,41.1642
602,-8.6205,41.1642,-8.6205,41.1642
603,-8.6205,41.1642,-8.6205,41.1642
604,-8.6205,41.1642,-8.6205,41.1642
605,-8.6205,41.1642,-8.6205,41.1642
606,-8.6205,41.1642,-8.6205,41.1642
607,-8.6205,41.1642,-8.6205,41.1642
608,-8.6205,41.1642,-8.6205,41.1642
609,-8.6206,41.1642,-8.6206,41.1642
610,-8.6206,41.1642,-8.6206,41.1642
611,-8.6206,41.1642,-8.6206,41.1642
612,-8.6206,41.1642,-8.6206,41.1642
613,-8.6206,41.1642,-8.6206,41.1642
614,-8.6206,41.1642,-8.6206,41.1642
615,-8.6206,41.1642,-8.6206,41.1642
616,-8.6206,41.1642,-8.6206,41.1642
617,-8.6206,41.1642,-8.6206,41.1642
618,-8.6205,41.1642,-8.6205,41.1642
619,-8.6205,41.1642,-8.6205,41.1642
620,-8.6205,41.1642,-8.6205,41.1642
621,-8.6206,41.1642,-8.6206,41.1642
622,-8.6205,41.1642,-8.6205,41.1642
623,-8.6205,41.1642,-8.6205,41.1642
624,-8.6206,41.1642,-8.6206,41.1642
625,-8.6205,41.1642,-8.6205,41.1642
626,-8.6205,41.1642,-8.6205,41.1642
627,-8.6205,41.1642,-8.6205,41.1642
628,-8.6206,41.1642,-8.6206,41.1642
629,-8.6206,41.1642,-8.6206,41.1642
630,-8.6206,41.1641,-8.6206,41.1641
631,-8.6206,41.1641,-8.6206,41.1641
632,-8.6206,41.1641,-8.6206,41.1641
633,-8.6206,41.1641,-8.6206,41.1641
634,-8.6206,41.1641,-8.6206,41.1641
635,-8.6206,41.1641,-8.6206,41.1641
636,-8.6206,41.1641,-8.6206,41.1641
637,-8.6206,41.1641,-8.6206,41.1641
638,-8.6207,41.1641,-8.6207,41.1641
639,-8.6207,41.1642,-8.6207,41.1642
640,-8.6207,41.1642,-8.6207,41.1642
641,-8.6207,41.1642,-8.6207,41.1642
642,-8.6207,41.1642,-8.6207,41.1642
643,-8.6207,41.1642,-8.6207,41.1642
644,-8.6207,41.1642,-8.6207,41.1642
645,-8.6207,41.1642,-8.6207,41.1642
646,-8.6207,41.1642,-8.6207,41.1642
647,-8.6207,41.1642,-8.6207,41.1642
648,-8.6207,41.1641,-8.6207,41.1641
649,-8.6207,41.1641,-8.6207,41.1641
650,-8.6207,41.1642,-8.6207,41.1642
651,-8.6207,41.1642,-8.6207,41.1642
652,-8.6207,41.1642,-8.6207,41.1642
653,-8.6207,41.1642,-8.6207,41.1642
654,-8.6207,41.1642,-8.6207,41.1642
655,-8.6207,41.1642,-8.6207,41.1642
656,-8.6207,41.1642,-8.6207,41.1642
657,-8.6207,41.1642,-8.6207,41.1642
658,-8.6207,41.1642,-8.6207,41.1642
659,-8.6206,41.1642,-8.6206,41.1642
660,-8.6206,41.1642,-8.6206,41.1642
661,-8.6206,41.1642,-8.6206,41.1642
662,-8.6206,41.1642,-8.6206,41.1642
663,-8.6206,41.1642,-8.6206,41.1642
664,-8.6206,41.1642,-8.6206,41.1642
665,-8.6206,41.1642,-8.6206,41.1642
666,-8.6206,41.1642,-8.6206,41.1642
667,-8.6206,41.1642,-8.6206,41.1642
668,-8.6206,41.1642,-8.6206,41.1642
669,-8.6206,41.1642,-8.6206,41.1642
670,-8.6206,41.1642,-8.6206,41.1642
671,-8.6206,41.1642,-8.6206,41.1642
672,-8.6206,41.1642,-8.6206,41.1642
673,-8.6206,41.1642,-8.6206,41.1642
674,-8.6206,41.1642,-8.6206,41.1642
675,-8.6205,41.1642,-8.6205,41.1642
676,-8.6205,41.1641,-8.6205,41.1641
677,-8.6205,41.1641,-8.6205,41.1641
678,-8.6205,41.1641,-8.6205,41.1641
679,-8.6205,41.1641,-8.6205,41.1641
680,-8.6205,41.1641,-8.6205,41.1641
681,-8.6206,41.1642,-8.6206,41.1642
682,-8.6206,41.1642,-8.6206,41.1642
683,-8.6206,41.1642,-8.6206,41.1642
684,-8.6206,41.1642,-8.6206,41.1642
685,-8.6206,41.1642,-8.6206,41.1642
686,-8.6206,41.1642,-8.6206,41.1642
687,-8.6205,41.1641,-8.6205,41.1641
688,-8.6205,41.1641,-8.6205,41.1641
689,-8.6205,41.1641,-8.6205,41.1641
690,-8.6205,41.1641,-8.6205,41.1641
691,-8.6205,41.1641,-8.6205,41.1641
692,-8.6205,41.1641,-8.6205,41.1641
693,-8.6205,41.1641,-8.6205,41.1641
694,-8.6205,41.1641,-8.6205,41.1641
695,-8.6205,41.1641,-8.6205,41.1641
696,-8.6205,41.1641,-8.6205,41.1641
697,-8.6205,41.1641,-8.6205,41.1641
698,-8.6205,41.1642,-8.6205,41.1642
699,-8.6205,41.1641,-8.6205,41.1641
700,-8.6205,41.1641,-8.6205,41.1641
701,-8.6205,41.1641,-8.6205,41.1641
702,-8.6205,41.1641,-8.6205,41.1641
703,-8.6205,41.1642,-8.6205,41.1642
704,-8.6206,41.1642,-8.6206,41.1642
705,-8.6206,41.1643,-8.6206,41.1643
706,-8.6206,41.1643,-8.6206,41.1643
707,-8.6206,41.1643,-8.6206,41.1643
708,-8.6206,41.1644,-8.6206,41.1644
709,-8.6207,41.1643,-8.6207,41.1643
710,-8.6207,41.1643,-8.6207,41.1643
711,-8.6207,41.1642,-8.6207,41.1642
712,-8.6207,41.1642,-8.6207,41.1642
713,-8.6207,41.1642,-8.6207,41.1642
714,-8.6206,41.1642,-8.6206,41.1642
715,-8.6206,41.1641,-8.6206,41.1641
716,-8.6206,41.1641,-8.6206,41.1641
717,-8.6206,41.1642,-8.6206,41.1642
718,-8.6206,41.1642,-8.6206,41.1642
719,-8.6205,41.1643,-8.6205,41.1643
720,-8.6205,41.1643,-8.6205,41.1643
721,-8.6206,41.1642,-8.6206,41.1642
722,-8.6206,41.1642,-8.6206,41.1642
723,-8.6206,41.1642,-8.6206,41.1642
724,-8.6206,41.1642,-8.6206,41.1642
725,-8.6205,41.1643,-8.6205,41.1643
726,-8.6205,41.1643,-8.6205,41.1643
727,-8.6205,41.1642,-8.6205,41.1642
728,-8.6205,41.1642,-8.6205,41.1642
729,-8.6205,41.1642,-8.6205,41.1642
730,-8.6205,41.1642,-8.6205,41.1642
731,-8.6205,41.1642,-8.6205,41.1642
732,-8.6205,41.1642,-8.6205,41.1642
733,-8.6204,41.1642,-8.6204,41.1642
734,-8.6204,41.1643,-8.6204,41.1643
735,-8.6205,41.1642,-8.6205,41.1642
736,-8.6205,41.1642,-8.6205,41.1642
737,-8.6205,41.1642,-8.6205,41.1642
738,-8.6205,41.1642,-8.6205,41.1642
739,-8.6205,41.1642,-8.6205,41.1642
740,-8.6205,41.1642,-8.6205,41.1642
741,-8.6205,41.1642,-8.6205,41.1642
742,-8.6206,41.1641,-8.6206,41.1641
743,-8.6206,41.1641,-8.6206,41.1641
744,-8.6206,41.1641,-8.6206,41.1641
745,-8.6206,41.1642,-8.6206,41.1642
746,-8.6206,41.1642,-8.6206,41.1642
747,-8.6206,41.1642,-8.6206,41.1642
748,-8.6206,41.1642,-8.6206,41.1642
749,-8.6206,41.1642,-8.6206,41.1642
750,-8.6206,41.1642,-8.6206,41.1642
751,-8.6206,41.1642,-8.6206,41.1642
752,-8.6206,41.1642,-8.6206,41.1642
753,-8.6206,41.1642,-8.6206,41.1642
754,-8.6206,41.1642,-8.6206,41.1642
755,-8.6206,41.1642,-8.6206,41.1642
756,-8.6206,41.1642,-8.6206,41.1642
757,-8.6206,41.1642,-8.6206,41.1642
758,-8.6206,41.1642,-8.6206,41.1642
759,-8.6206,41.1642,-8.6206,41.1642
760,-8.6206,41.1642,-8.6206,41.1642
761,-8.6206,41.1642,-8.6206,41.1642
762,-8.6206,41.1642,-8.6206,41.1642
763,-8.6206,41.1642,-8.6206,41.1642
764,-8.6206,41.1642,-8.6206,41.1642
765,-8.6206,41.1642,-8.6206,41.1642
766,-8.6206,41.1642,-8.6206,41.1642
767,-8.6206,41.1642,-8.6206,41.1642
768,-8.6206,41.1642,-8.6206,41.1642
769,-8.6206,41.1642,-8.6206,41.1642
770,-8.6206,41.1642,-8.6206,41.1642
771,-8.6206,41.1642,-8.6206,41.1642
772,-8.6206,41.1642,-8.6206,41.1642
773,-8.6206,41.1642,-8.6206,41.1642
774,-8.6206,41.1642,-8.6206,41.1642
775,-8.6206,41.1642,-8.6206,41.1642
776,-8.6206,41.1642,-8.6206,41.1642
777,-8.6206,41.1642,-8.6206,41.1642
778,-8.6206,41.1642,-8.6206,41.1642
779,-8.6206,41.1643,-8.6206,41.1643
780,-8.6206,41.1643,-8.6206,41.1643
781,-8.6206,41.1643,-8.6206,41.1643
782,-8.6206,41.1642,-8.6206,41.1642
783,-8.6206,41.1642,-8.6206,41.1642
784,-8.6206,41.1642,-8.6206,41.1642
785,-8.6206,41.1642,-8.6206,41.1642
786,-8.6206,41.1642,-8.6206,41.1642
787,-8.6206,41.1642,-8.6206,41.1642
788,-8.6206,41.1642,-8.6206,41.1642
789,-8.6205,41.1642,-8.6205,41.1642
790,-8.6205,41.1642,-8.6205,41.1642
791,-8.6205,41.1642,-8.6205,41.1642
792,-8.6205,41.1642,-8.6205,41.1642
793,-8.6205,41.1642,-8.6205,41.1642
794,-8.6206,41.1642,-8.6206,41.1642
795,-8.6206,41.1642,-8.6206,41.1642
796,-8.6206,41.1642,-8.6206,41.1642
797,-8.6206,41.1642,-8.6206,41.1642
798,-8.6205,41.1642,-8.6205,41.1642
799,-8.6205,41.1641,-8.6205,41.1641
800,-8.6205,41.1642,-8.6205,41.1642
801,-8.6205,41.1642,-8.6205,41.1642
802,-8.6206,41.1642,-8.6206,41.1642
803,-8.6206,41.1642,-8.6206,41.1642
804,-8.6206,41.1642,-8.6206,41.1642
805,-8.6205,41.1642,-8.6205,41.1642
806,-8.6205,41.1642,-8.6205,41.1642
807,-8.6205,41.1642,-8.6205,41.1642
808,-8.6205,41.1642,-8.6205,41.1642
809,-8.6205,41.1642,-8.6205,41.1642
810,-8.6205,41.1642,-8.6205,41.1642
811,-8.6205,41.1642,-8.6205,41.1642
812,-8.6206,41.1642,-8.6206,41.1642
813,-8.6206,41.1642,-8.6206,41.1642
814,-8.6206,41.1642,-8.6206,41.1642
815,-8.6206,41.1642,-8.6206,41.1642
816,-8.6207,41.1642,-8.6207,41.1642
817,-8.6207,41.1642,-8.6207,41.1642
818,-8.6207,41.1642,-8.6207,41.1642
819,-8.6206,41.1642,-8.6206,41.1642
820,-8.6206,41.1642,-8.6206,41.1642
821,-8.6206,41.1642,-8.6206,41.1642
822,-8.6206,41.1642,-8.6206,41.1642
823,-8.6206,41.1642,-8.6206,41.1642
824,-8.6206,41.1642,-8.6206,41.1642
825,-8.6206,41.1642,-8.6206,41.1642
826,-8.6206,41.1642,-8.6206,41.1642
827,-8.6206,41.1642,-8.6206,41.1642
828,-8.6206,41.1642,-8.6206,41.1642
829,-8.6206,41.1642,-8.6206,41.1642
830,-8.6206,41.1642,-8.6206,41.1642
831,-8.6206,41.1642,-8.6206,41.1642
832,-8.6206,41.1642,-8.6206,41.1642
833,-8.6206,41.1642,-8.6206,41.1642
834,-8.6206,41.1642,-8.6206,41.1642
835,-8.6206,41.1642,-8.6206,41.1642
836,-8.6206,41.1642,-8.6206,41.1642
837,-8.6206,41.1642,-8.6206,41.1642
838,-8.6206,41.1644,-8.6206,41.1644
839,-8.6207,41.1641,-8.6207,41.1641
840,-8.6207,41.1641,-8.6207,41.1641
841,-8.6207,41.1641,-8.6207,41.1641
842,-8.6207,41.1641,-8.6207,41.1641
843,-8.6210,41.1639,-8.6210,41.1639
844,-8.6225,41.1641,-8.6225,41.1641
845,-8.6243,41.1643,-8.6243,41.1643
846,-8.6246,41.1643,-8.6246,41.1643
847,-8.6246,41.1644,-8.6246,41.1644
848,-8.6253,41.1645,-8.6253,41.1645
849,-8.6276,41.1648,-8.6276,41.1648
850,-8.6300,41.1651,-8.6300,41.1651
851,-8.6326,41.1643,-8.6326,41.1643
852,-8.6347,41.1632,-8.6347,41.1632
853,-8.6364,41.1623,-8.6364,41.1623
854,-8.6380,41.1617,-8.6380,41.1617
855,-8.6397,41.1610,-8.6397,41.1610
856,-8.6413,41.1606,-8.6413,41.1606
857,-8.6429,41.1603,-8.6429,41.1603
858,-8.6436,41.1604,-8.6436,41.1604
859,-8.6436,41.1605,-8.6436,41.1605
860,-8.6445,41.1606,-8.6445,41.1606
861,-8.6468,41.1609,-8.6468,41.1609
862,-8.6491,41.1612,-8.6491,41.1612
863,-8.6515,41.1617,-8.6515,41.1617
864,-8.6540,41.1621,-8.6540,41.1621
865,-8.6551,41.1622,-8.6551,41.1622
866,-8.6551,41.1623,-8.6551,41.1623
867,-8.6561,41.1620,-8.6561,41.1620
868,-8.6581,41.1610,-8.6581,41.1610
869,-8.6604,41.1601,-8.6604,41.1601
870,-8.6629,41.1591,-8.6629,41.1591
871,-8.6647,41.1584,-8.6647,41.1584
872,-8.6659,41.1580,-8.6659,41.1580
873,-8.6682,41.1571,-8.6682,41.1571
874,-8.6703,41.1562,-8.6703,41.1562
875,-8.6722,41.1555,-8.6722,41.1555
876,-8.6733,41.1552,-8.6733,41.1552
877,-8.6742,41.1544,-8.6742,41.1544
878,-8.6743,41.1543,-8.6743,41.1543
879,-8.6753,41.1537,-8.6753,41.1537
880,-8.6768,41.1529,-8.6768,41.1529
881,-8.6777,41.1525,-8.6777,41.1525
882,-8.6783,41.1529,-8.6783,41.1529
883,-8.6789,41.1534,-8.6789,41.1534
884,-8.6784,41.1527,-8.6784,41.1527
885,-8.6784,41.1526,-8.6784,41.1526
886,-8.6779,41.1518,-8.6779,41.1518
887,-8.6770,41.1507,-8.6770,41.1507
888,-8.6760,41.1498,-8.6760,41.1498
889,-8.6759,41.1501,-8.6759,41.1501
890,-8.6760,41.1501,-8.6760,41.1501
891,-8.6760,41.1501,-8.6760,41.1501
892,-8.6759,41.1501,-8.6759,41.1501
893,-8.6760,41.1501,-8.6760,41.1501
894,-8.6760,41.1501,-8.6760,41.1501
895,-8.6759,41.1500,-8.6759,41.1500
896,-8.6759,41.1500,-8.6759,41.1500
897,-8.6759,41.1500,-8.6759,41.1500
898,-8.6759,41.1501,-8.6759,41.1501
899,-8.6759,41.1501,-8.6759,41.1501
900,-8.6759,41.1501,-8.6759,41.1501
901,-8.6759,41.1501,-8.6759,41.1501
902,-8.6759,41.1501,-8.6759,41.1501
903,-8.6760,41.1501,-8.6760,41.1501
904,-8.6759,41.1501,-8.6759,41.1501
905,-8.6760,41.1501,-8.6760,41.1501
906,-8.6760,41.1501,-8.6760,41.1501
907,-8.6760,41.1501,-8.6760,41.1501
908,-8.6760,41.1501,-8.6760,41.1501
909,-8.6760,41.1502,-8.6760,41.1502
910,-8.6760,41.1501,-8.6760,41.1501
911,-8.6760,41.1501,-8.6760,41.1501
912,-8.6760,41.1501,-8.6760,41.1501
913,-8.6760,41.1501,-8.6760,41.1501
914,-8.6760,41.1501,-8.6760,41.1501
915,-8.6761,41.1501,-8.6761,41.1501
916,-8.6761,41.1501,-8.6761,41.1501
917,-8.6761,41.1501,-8.6761,41.1501
918,-8.6760,41.1501,-8.6760,41.1501
919,-8.6760,41.1501,-8.6760,41.1501
920,-8.6760,41.1501,-8.6760,41.1501
921,-8.6760,41.1501,-8.6760,41.1501
922,-8.6760,41.1501,-8.6760,41.1501
923,-8.6761,41.1501,-8.6761,41.1501
924,-8.6760,41.1501,-8.6760,41.1501
925,-8.6760,41.1501,-8.6760,41.1501
926,-8.6760,41.1501,-8.6760,41.1501
927,-8.6760,41.1501,-8.6760,41.1501
928,-8.6759,41.1501,-8.6759,41.1501
929,-8.6760,41.1501,-8.6760,41.1501
930,-8.6760,41.1501,-8.6760,41.1501
931,-8.6761,41.1501,-8.6761,41.1501
932,-8.6761,41.1501,-8.6761,41.1501
933,-8.6760,41.1501,-8.6760,41.1501
934,-8.6760,41.1501,-8.6760,41.1501
935,-8.6760,41.1501,-8.6760,41.1501
936,-8.6761,41.1501,-8.6761,41.1501
937,-8.6760,41.1501,-8.6760,41.1501
938,-8.6761,41.1501,-8.6761,41.1501
939,-8.6761,41.1501,-8.6761,41.1501
940,-8.6761,41.1501,-8.6761,41.1501
941,-8.6761,41.1501,-8.6761,41.1501
942,-8.6761,41.1501,-8.6761,41.1501
943,-8.6761,41.1501,-8.6761,41.1501
944,-8.6760,41.1501,-8.6760,41.1501
945,-8.6760,41.1500,-8.6760,41.1500
946,-8.6759,41.1500,-8.6759,41.1500
947,-8.6759,41.1500,-8.6759,41.1500
948,-8.6758,41.1500,-8.6758,41.1500
949,-8.6758,41.1500,-8.6758,41.1500
950,-8.6758,41.1500,-8.6758,41.1500
951,-8.6758,41.1500,-8.6758,41.1500
952,-8.6758,41.1500,-8.6758,41.1500
953,-8.6759,41.1500,-8.6759,41.1500
954,-8.6759,41.1500,-8.6759,41.1500
955,-8.6759,41.1500,-8.6759,41.1500
956,-8.6758,41.1500,-8.6758,41.1500
957,-8.6758,41.1500,-8.6758,41.1500
958,-8.6759,41.1500,-8.6759,41.1500
959,-8.6759,41.1500,-8.6759,41.1500
960,-8.6759,41.1500,-8.6759,41.1500
961,-8.6759,41.1500,-8.6759,41.1500
962,-8.6758,41.1500,-8.6758,41.1500
963,-8.6758,41.1500,-8.6758,41.1500
964,-8.6759,41.1500,-8.6759,41.1500
965,-8.6759,41.1500,-8.6759,41.1500
966,-8.6760,41.1500,-8.6760,41.1500
967,-8.6762,41.1500,-8.6762,41.1500
968,-8.6762,41.1500,-8.6762,41.1500
969,-8.6761,41.1500,-8.6761,41.1500
970,-8.6760,41.1500,-8.6760,41.1500
971,-8.6760,41.1500,-8.6760,41.1500
972,-8.6759,41.1500,-8.6759,41.1500
973,-8.6758,41.1500,-8.6758,41.1500
974,-8.6759,41.1500,-8.6759,41.1500
975,-8.6758,41.1500,-8.6758,41.1500
976,-8.6758,41.1501,-8.6758,41.1501
977,-8.6758,41.1501,-8.6758,41.1501
978,-8.6759,41.1501,-8.6759,41.1501
979,-8.6759,41.1501,-8.6759,41.1501
980,-8.6759,41.1501,-8.6759,41.1501
981,-8.6759,41.1501,-8.6759,41.1501
982,-8.6759,41.1501,-8.6759,41.1501
983,-8.6759,41.1501,-8.6759,41.1501
984,-8.6759,41.1501,-8.6759,41.1501
985,-8.6759,41.1501,-8.6759,41.1501
986,-8.6758,41.1501,-8.6758,41.1501
987,-8.6758,41.1501,-8.6758,41.1501
988,-8.6758,41.1501,-8.6758,41.1501
989,-8.6758,41.1501,-8.6758,41.1501
990,-8.6758,41.1501,-8.6758,41.1501
991,-8.6758,41.1501,-8.6758,41.1501
992,-8.6759,41.1501,-8.6759,41.1501
993,-8.6759,41.1501,-8.6759,41.1501
994,-8.6759,41.1501,-8.6759,41.1501
995,-8.6759,41.1501,-8.6759,41.1501
996,-8.6759,41.1501,-8.6759,41.1501
997,-8.6759,41.1501,-8.6759,41.1501
998,-8.6759,41.1501,-8.6759,41.1501
999,-8.6759,41.1501,-8.6759,41.1501
1000,-8.6759,41.1501,-8.6759,41.1501
1001,-8.6759,41.1501,-8.6759,41.1501
1002,-8.6759,41.1501,-8.6759,41.1501
1003,-8.6758,41.1501,-8.6758,41.1501
1004,-8.6758,41.1501,-8.6758,41.1501
1005,-8.6758,41.1501,-8.6758,41.1501
1006,-8.6758,41.1501,-8.6758,41.1501
1007,-8.6758,41.1501,-8.6758,41.1501
1008,-8.6758,41.1501,-8.6758,41.1501
1009,-8.6758,41.1501,-8.6758,41.1501
1010,-8.6758,41.1501,-8.6758,41.1501
1011,-8.6758,41.1501,-8.6758,41.1501
1012,-8.6758,41.1501,-8.6758,41.1501
1013,-8.6758,41.1501,-8.6758,41.1501
1014,-8.6758,41.1501,-8.6758,41.1501
1015,-8.6758,41.1501,-8.6758,41.1501
1016,-8.6758,41.1501,-8.6758,41.1501
1017,-8.6758,41.1501,-8.6758,41.1501
1018,-8.6758,41.1501,-8.6758,41.1501
1019,-8.6759,41.1501,-8.6759,41.1501
1020,-8.6759,41.1500,-8.6759,41.1500
1021,-8.6759,41.1500,-8.6759,41.1500
1022,-8.6759,41.1500,-8.6759,41.1500
1023,-8.6759,41.1500,-8.6759,41.1500
1024,-8.6758,41.1500,-8.6758,41.1500
1025,-8.6758,41.1500,-8.6758,41.1500
1026,-8.6758,41.1500,-8.6758,41.1500
1027,-8.6758,41.1500,-8.6758,41.1500
1028,-8.6759,41.1500,-8.6759,41.1500
1029,-8.6759,41.1500,-8.6759,41.1500
1030,-8.6758,41.1500,-8.6758,41.1500
1031,-8.6758,41.1500,-8.6758,41.1500
1032,-8.6758,41.1500,-8.6758,41.1500
1033,-8.6758,41.1500,-8.6758,41.1500
1034,-8.6758,41.1500,-8.6758,41.1500
1035,-8.6758,41.1500,-8.6758,41.1500
1036,-8.6758,41.1500,-8.6758,41.1500
1037,-8.6758,41.1500,-8.6758,41.1500
1038,-8.6758,41.1501,-8.6758,41.1501
1039,-8.6760,41.1501,-8.6760,41.1501
1040,-8.6760,41.1501,-8.6760,41.1501
1041,-8.6759,41.1501,-8.6759,41.1501
1042,-8.6759,41.1501,-8.6759,41.1501
1043,-8.6758,41.1501,-8.6758,41.1501
1044,-8.6758,41.1501,-8.6758,41.1501
1045,-8.6757,41.1501,-8.6757,41.1501
1046,-8.6757,41.1501,-8.6757,41.1501
1047,-8.6758,41.1501,-8.6758,41.1501
1048,-8.6758,41.1501,-8.6758,41.1501
1049,-8.6758,41.1501,-8.6758,41.1501
1050,-8.6759,41.1501,-8.6759,41.1501
1051,-8.6760,41.1501,-8.6760,41.1501
1052,-8.6759,41.1501,-8.6759,41.1501
1053,-8.6759,41.1500,-8.6759,41.1500
1054,-8.6759,41.1501,-8.6759,41.1501
1055,-8.6759,41.1500,-8.6759,41.1500
1056,-8.6759,41.1501,-8.6759,41.1501
1057,-8.6758,41.1500,-8.6758,41.1500
1058,-8.6758,41.1500,-8.6758,41.1500
1059,-8.6758,41.1500,-8.6758,41.1500
1060,-8.6759,41.1500,-8.6759,41.1500
1061,-8.6759,41.1500,-8.6759,41.1500
1062,-8.6760,41.1501,-8.6760,41.1501
1063,-8.6759,41.1501,-8.6759,41.1501
1064,-8.6759,41.1501,-8.6759,41.1501
1065,-8.6760,41.1501,-8.6760,41.1501
1066,-8.6759,41.1501,-8.6759,41.1501
1067,-8.6759,41.1501,-8.6759,41.1501
1068,-8.6758,41.1501,-8.6758,41.1501
1069,-8.6758,41.1501,-8.6758,41.1501
1070,-8.6758,41.1501,-8.6758,41.1501
1071,-8.6758,41.1501,-8.6758,41.1501
1072,-8.6759,41.1501,-8.6759,41.1501
1073,-8.6759,41.1501,-8.6759,41.1501
1074,-8.6759,41.1501,-8.6759,41.1501
1075,-8.6759,41.1501,-8.6759,41.1501
1076,-8.6759,41.1501,-8.6759,41.1501
1077,-8.6759,41.1501,-8.6759,41.1501
1078,-8.6758,41.1501,-8.6758,41.1501
1079,-8.6759,41.1501,-8.6759,41.1501
1080,-8.6758,41.1501,-8.6758,41.1501
1081,-8.6759,41.1501,-8.6759,41.1501
1082,-8.6759,41.1501,-8.6759,41.1501
1083,-8.6758,41.1501,-8.6758,41.1501
1084,-8.6759,41.1501,-8.6759,41.1501
1085,-8.6759,41.1501,-8.6759,41.1501
1086,-8.6759,41.1501,-8.6759,41.1501
1087,-8.6759,41.1501,-8.6759,41.1501
1088,-8.6758,41.1501,-8.6758,41.1501
1089,-8.6758,41.1501,-8.6758,41.1501
1090,-8.6758,41.1501,-8.6758,41.1501
1091,-8.6759,41.1501,-8.6759,41.1501
1092,-8.6759,41.1501,-8.6759,41.1501
1093,-8.6759,41.1501,-8.6759,41.1501
1094,-8.6758,41.1501,-8.6758,41.1501
1095,-8.6758,41.1501,-8.6758,41.1501
1096,-8.6758,41.1501,-8.6758,41.1501
1097,-8.6758,41.1501,-8.6758,41.1501
1098,-8.6759,41.1501,-8.6759,41.1501
1099,-8.6759,41.1502,-8.6759,41.1502
1100,-8.6759,41.1502,-8.6759,41.1502
1101,-8.6759,41.1501,-8.6759,41.1501
1102,-8.6758,41.1501,-8.6758,41.1501
1103,-8.6758,41.1501,-8.6758,41.1501
1104,-8.6758,41.1501,-8.6758,41.1501
1105,-8.6759,41.1501,-8.6759,41.1501
1106,-8.6757,41.1500,-8.6757,41.1500
1107,-8.6757,41.1500,-8.6757,41.1500
1108,-8.6757,41.1500,-8.6757,41.1500
1109,-8.6757,41.1500,-8.6757,41.1500
1110,-8.6758,41.1500,-8.6758,41.1500
1111,-8.6758,41.1500,-8.6758,41.1500
1112,-8.6758,41.1501,-8.6758,41.1501
1113,-8.6758,41.1501,-8.6758,41.1501
1114,-8.6757,41.1501,-8.6757,41.1501
1115,-8.6757,41.1501,-8.6757,41.1501
1116,-8.6757,41.1501,-8.6757,41.1501
1117,-8.6758,41.1501,-8.6758,41.1501
1118,-8.6758,41.1501,-8.6758,41.1501
1119,-8.6758,41.1501,-8.6758,41.1501
1120,-8.6758,41.1501,-8.6758,41.1501
1121,-8.6759,41.1501,-8.6759,41.1501
1122,-8.6758,41.1501,-8.6758,41.1501
1123,-8.6757,41.1501,-8.6757,41.1501
1124,-8.6758,41.1501,-8.6758,41.1501
1125,-8.6758,41.1501,-8.6758,41.1501
1126,-8.6758,41.1501,-8.6758,41.1501
1127,-8.6758,41.1501,-8.6758,41.1501
1128,-8.6759,41.1501,-8.6759,41.1501
1129,-8.6758,41.1501,-8.6758,41.1501
1130,-8.6758,41.1501,-8.6758,41.1501
1131,-8.6758,41.1501,-8.6758,41.1501
1132,-8.6758,41.1501,-8.6758,41.1501
1133,-8.6759,41.1501,-8.6759,41.1501
1134,-8.6759,41.1501,-8.6759,41.1501
1135,-8.6758,41.1501,-8.6758,41.1501
1136,-8.6758,41.1501,-8.6758,41.1501
1137,-8.6758,41.1501,-8.6758,41.1501
1138,-8.6758,41.1501,-8.6758,41.1501
1139,-8.6759,41.1501,-8.6759,41.1501
1140,-8.6759,41.1501,-8.6759,41.1501
1141,-8.6759,41.1501,-8.6759,41.1501
1142,-8.6759,41.1501,-8.6759,41.1501
1143,-8.6759,41.1501,-8.6759,41.1501
1144,-8.6759,41.1501,-8.6759,41.1501
1145,-8.6759,41.1501,-8.6759,41.1501
1146,-8.6759,41.1501,-8.6759,41.1501
1147,-8.6759,41.1500,-8.6759,41.1500
1148,-8.6758,41.1500,-8.6758,41.1500
1149,-8.6759,41.1500,-8.6759,41.1500
1150,-8.6759,41.1500,-8.6759,41.1500
1151,-8.6758,41.1500,-8.6758,41.1500
1152,-8.6758,41.1500,-8.6758,41.1500
1153,-8.6759,41.1499,-8.6759,41.1499
1154,-8.6758,41.1500,-8.6758,41.1500
1155,-8.6758,41.1500,-8.6758,41.1500
1156,-8.6757,41.1500,-8.6757,41.1500
1157,-8.6757,41.1500,-8.6757,41.1500
1158,-8.6757,41.1500,-8.6757,41.1500
1159,-8.6757,41.1500,-8.6757,41.1500
1160,-8.6757,41.1500,-8.6757,41.1500
1161,-8.6757,41.1500,-8.6757,41.1500
1162,-8.6757,41.1500,-8.6757,41.1500
1163,-8.6757,41.1500,-8.6757,41.1500
1164,-8.6757,41.1500,-8.6757,41.1500
1165,-8.6757,41.1500,-8.6757,41.1500
1166,-8.6756,41.1500,-8.6756,41.1500
1167,-8.6757,41.1500,-8.6757,41.1500
1168,-8.6757,41.1500,-8.6757,41.1500
1169,-8.6758,41.1500,-8.6758,41.1500
1170,-8.6757,41.1500,-8.6757,41.1500
1171,-8.6756,41.1500,-8.6756,41.1500
1172,-8.6757,41.1500,-8.6757,41.1500
1173,-8.6758,41.1500,-8.6758,41.1500
1174,-8.6758,41.1500,-8.6758,41.1500
1175,-8.6758,41.1500,-8.6758,41.1500
1176,-8.6758,41.1500,-8.6758,41.1500
1177,-8.6759,41.1500,-8.6759,41.1500
1178,-8.6759,41.1500,-8.6759,41.1500
1179,-8.6758,41.1500,-8.6758,41.1500
1180,-8.6758,41.1500,-8.6758,41.1500
1181,-8.6759,41.1501,-8.6759,41.1501
1182,-8.6759,41.1501,-8.6759,41.1501
1183,-8.6759,41.1501,-8.6759,41.1501
1184,-8.6758,41.1500,-8.6758,41.1500
1185,-8.6758,41.1500,-8.6758,41.1500
1186,-8.6758,41.1500,-8.6758,41.1500
1187,-8.6758,41.1500,-8.6758,41.1500
1188,-8.6758,41.1501,-8.6758,41.1501
1189,-8.6758,41.1501,-8.6758,41.1501
1190,-8.6758,41.1501,-8.6758,41.1501
1191,-8.6758,41.1500,-8.6758,41.1500
1192,-8.6758,41.1500,-8.6758,41.1500
1193,-8.6758,41.1501,-8.6758,41.1501
1194,-8.6758,41.1500,-8.6758,41.1500
1195,-8.6758,41.1500,-8.6758,41.1500
1196,-8.6758,41.1500,-8.6758,41.1500
1197,-8.6758,41.1500,-8.6758,41.1500
1198,-8.6759,41.1501,-8.6759,41.1501
1199,-8.6758,41.1500,-8.6758,41.1500
1200,-8.6758,41.1500,-8.6758,41.1500
1201,-8.6758,41.1500,-8.6758,41.1500
1202,-8.6758,41.1501,-8.6758,41.1501
1203,-8.6758,41.1500,-8.6758,41.1500
1204,-8.6759,41.1501,-8.6759,41.1501
1205,-8.6759,41.1500,-8.6759,41.1500
1206,-8.6759,41.1501,-8.6759,41.1501
1207,-8.6758,41.1501,-8.6758,41.1501
1208,-8.6758,41.1501,-8.6758,41.1501
1209,-8.6758,41.1501,-8.6758,41.1501
1210,-8.6758,41.1501,-8.6758,41.1501
1211,-8.6758,41.1501,-8.6758,41.1501
1212,-8.6758,41.1501,-8.6758,41.1501
1213,-8.6758,41.1501,-8.6758,41.1501
1214,-8.6758,41.1501,-8.6758,41.1501
1215,-8.6759,41.1500,-8.6759,41.1500
1216,-8.6759,41.1500,-8.6759,41.1500
1217,-8.6759,41.1500,-8.6759,41.1500
1218,-8.6759,41.1500,-8.6759,41.1500
1219,-8.6758,41.1500,-8.6758,41.1500
1220,-8.6758,41.1500,-8.6758,41.1500
1221,-8.6757,41.1500,-8.6757,41.1500
1222,-8.6757,41.1499,-8.6757,41.1499
1223,-8.6758,41.1500,-8.6758,41.1500
1224,-8.6759,41.1500,-8.6759,41.1500
1225,-8.6758,41.1500,-8.6758,41.1500
1226,-8.6759,41.1499,-8.6759,41.1499
1227,-8.6759,41.1500,-8.6759,41.1500
1228,-8.6759,41.1500,-8.6759,41.1500
1229,-8.6759,41.1500,-8.6759,41.1500
1230,-8.6759,41.1500,-8.6759,41.1500
1231,-8.6759,41.1500,-8.6759,41.1500
1232,-8.6758,41.1500,-8.6758,41.1500
1233,-8.6759,41.1500,-8.6759,41.1500
1234,-8.6759,41.1500,-8.6759,41.1500
1235,-8.6758,41.1499,-8.6758,41.1499
1236,-8.6757,41.1499,-8.6757,41.1499
1237,-8.6758,41.1500,-8.6758,41.1500
1238,-8.6759,41.1501,-8.6759,41.1501
1239,-8.6759,41.1501,-8.6759,41.1501
1240,-8.6758,41.1500,-8.6758,41.1500
1241,-8.6763,41.1504,-8.6763,41.1504
1242,-8.6768,41.1513,-8.6768,41.1513
1243,-8.6774,41.1522,-8.6774,41.1522
1244,-8.6765,41.1529,-8.6765,41.1529
1245,-8.6759,41.1537,-8.6759,41.1537
1246,-8.6766,41.1544,-8.6766,41.1544
1247,-8.6774,41.1549,-8.6774,41.1549
1248,-8.6781,41.1554,-8.6781,41.1554
1249,-8.6785,41.1554,-8.6785,41.1554
1250,-8.6786,41.1554,-8.6786,41.1554
1251,-8.6786,41.1554,-8.6786,41.1554
1252,-8.6786,41.1554,-8.6786,41.1554
1253,-8.6786,41.1554,-8.6786,41.1554
1254,-8.6786,41.1554,-8.6786,41.1554
1255,-8.6785,41.1554,-8.6785,41.1554
1256,-8.6785,41.1554,-8.6785,41.1554
1257,-8.6785,41.1554,-8.6785,41.1554
1258,-8.6785,41.1554,-8.6785,41.1554
1259,-8.6785,41.1554,-8.6785,41.1554
1260,-8.6785,41.1554,-8.6785,41.1554
1261,-8.6785,41.1554,-8.6785,41.1554
1262,-8.6785,41.1554,-8.6785,41.1554
1263,-8.6786,41.1554,-8.6786,41.1554
1264,-8.6786,41.1554,-8.6786,41.1554
1265,-8.6786,41.1554,-8.6786,41.1554
1266,-8.6786,41.1554,-8.6786,41.1554
1267,-8.6786,41.1554,-8.6786,41.1554
1268,-8.6785,41.1554,-8.6785,41.1554
1269,-8.6785,41.1554,-8.6785,41.1554
1270,-8.6785,41.1554,-8.6785,41.1554
1271,-8.6785,41.1554,-8.6785,41.1554
1272,-8.6785,41.1554,-8.6785,41.1554
1273,-8.6785,41.1554,-8.6785,41.1554
1274,-8.6785,41.1554,-8.6785,41.1554
1275,-8.6785,41.1554,-8.6785,41.1554
1276,-8.6785,41.1554,-8.6785,41.1554
1277,-8.6785,41.1554,-8.6785,41.1554
1278,-8.6785,41.1554,-8.6785,41.1554
1279,-8.6785,41.1554,-8.6785,41.1554
1280,-8.6785,41.1554,-8.6785,41.1554
1281,-8.6785,41.1554,-8.6785,41.1554
1282,-8.6785,41.1554,-8.6785,41.1554
1283,-8.6785,41.1554,-8.6785,41.1554
1284,-8.6786,41.1554,-8.6786,41.1554
1285,-8.6786,41.1554,-8.6786,41.1554
1286,-8.6786,41.1554,-8.6786,41.1554
1287,-8.6786,41.1554,-8.6786,41.1554
1288,-8.6786,41.1554,-8.6786,41.1554
1289,-8.6786,41.1554,-8.6786,41.1554
1290,-8.6786,41.1554,-8.6786,41.1554
1291,-8.6786,41.1554,-8.6786,41.1554
1292,-8.6785,41.1554,-8.6785,41.1554
1293,-8.6785,41.1554,-8.6785,41.1554
1294,-8.6785,41.1554,-8.6785,41.1554
1295,-8.6785,41.1554,-8.6785,41.1554
1296,-8.6785,41.1554,-8.6785,41.1554
1297,-8.6785,41.1554,-8.6785,41.1554
1298,-8.6785,41.1554,-8.6785,41.1554
1299,-8.6785,41.1554,-8.6785,41.1554
1300,-8.6785,41.1554,-8.6785,41.1554
1301,-8.6785,41.1554,-8.6785,41.1554
1302,-8.6785,41.1554,-8.6785,41.1554
1303,-8.6785,41.1554,-8.6785,41.1554
1304,-8.6785,41.1554,-8.6785,41.1554
1305,-8.6785,41.1554,-8.6785,41.1554
1306,-8.6785,41.1554,-8.6785,41.1554
1307,-8.6785,41.1554,-8.6785,41.1554
1308,-8.6785,41.1554,-8.6785,41.1554
1309,-8.6785,41.1554,-8.6785,41.1554
1310,-8.6785,41.1554,-8.6785,41.1554
1311,-8.6785,41.1554,-8.6785,41.1554
1312,-8.6785,41.1554,-8.6785,41.1554
1313,-8.6785,41.1554,-8.6785,41.1554
1314,-8.6785,41.1554,-8.6785,41.1554
1315,-8.6785,41.1554,-8.6785,41.1554
1316,-8.6785,41.1554,-8.6785,41.1554
1317,-8.6785,41.1554,-8.6785,41.1554
1318,-8.6785,41.1554,-8.6785,41.1554
1319,-8.6785,41.1554,-8.6785,41.1554
1320,-8.6785,41.1554,-8.6785,41.1554
1321,-8.6785,41.1554,-8.6785,41.1554
1322,-8.6785,41.1554,-8.6785,41.1554
1323,-8.6785,41.1554,-8.6785,41.1554
1324,-8.6785,41.1554,-8.6785,41.1554
1325,-8.6785,41.1554,-8.6785,41.1554
1326,-8.6785,41.1554,-8.6785,41.1554
1327,-8.6785,41.1555,-8.6785,41.1555
1328,-8.6785,41.1554,-8.6785,41.1554
1329,-8.6785,41.1554,-8.6785,41.1554
1330,-8.6785,41.1554,-8.6785,41.1554
1331,-8.6785,41.1554,-8.6785,41.1554
1332,-8.6785,41.1554,-8.6785,41.1554
1333,-8.6785,41.1554,-8.6785,41.1554
1334,-8.6785,41.1555,-8.6785,41.1555
1335,-8.6785,41.1555,-8.6785,41.1555
1336,-8.6785,41.1555,-8.6785,41.1555
1337,-8.6785,41.1554,-8.6785,41.1554
1338,-8.6785,41.1554,-8.6785,41.1554
1339,-8.6785,41.1554,-8.6785,41.1554
1340,-8.6785,41.1554,-8.6785,41.1554
1341,-8.6785,41.1554,-8.6785,41.1554
1342,-8.6785,41.1554,-8.6785,41.1554
1343,-8.6785,41.1555,-8.6785,41.1555
1344,-8.6785,41.1555,-8.6785,41.1555
1345,-8.6785,41.1555,-8.6785,41.1555
1346,-8.6785,41.1555,-8.6785,41.1555
1347,-8.6785,41.1555,-8.6785,41.1555
1348,-8.6785,41.1555,-8.6785,41.1555
1349,-8.6785,41.1555,-8.6785,41.1555
1350,-8.6785,41.1555,-8.6785,41.1555
1351,-8.6785,41.1555,-8.6785,41.1555
1352,-8.6785,41.1555,-8.6785,41.1555
1353,-8.6785,41.1555,-8.6785,41.1555
1354,-8.6785,41.1555,-8.6785,41.1555
1355,-8.6308,41.1651,-8.6308,41.1651
1356,-8.6335,41.1638,-8.6335,41.1638
1357,-8.6785,41.1555,-8.6785,41.1555
1358,-8.6785,41.1555,-8.6785,41.1555
1359,-8.6785,41.1555,-8.6785,41.1555
1360,-8.6785,41.1555,-8.6785,41.1555
1361,-8.6785,41.1555,-8.6785,41.1555
1362,-8.6785,41.1555,-8.6785,41.1555
1363,-8.6785,41.1555,-8.6785,41.1555
1364,-8.6785,41.1555,-8.6785,41.1555
1365,-8.6785,41.1555,-8.6785,41.1555
1366,-8.6785,41.1555,-8.6785,41.1555
1367,-8.6785,41.1554,-8.6785,41.1554
1368,-8.6785,41.1554,-8.6785,41.1554
1369,-8.6785,41.1554,-8.6785,41.1554
1370,-8.6785,41.1554,-8.6785,41.1554
1371,-8.6785,41.1555,-8.6785,41.1555
1372,-8.6785,41.1555,-8.6785,41.1555
1373,-8.6785,41.1555,-8.6785,41.1555
1374,-8.6785,41.1555,-8.6785,41.1555
1375,-8.6785,41.1555,-8.6785,41.1555
1376,-8.6785,41.1555,-8.6785,41.1555
1377,-8.6785,41.1555,-8.6785,41.1555
1378,-8.6785,41.1555,-8.6785,41.1555
1379,-8.6785,41.1555,-8.6785,41.1555
1380,-8.6785,41.1555,-8.6785,41.1555
1381,-8.6785,41.1555,-8.6785,41.1555
1382,-8.6785,41.1555,-8.6785,41.1555
1383,-8.6785,41.1554,-8.6785,41.1554
1384,-8.6785,41.1554,-8.6785,41.1554
1385,-8.6785,41.1554,-8.6785,41.1554
1386,-8.6785,41.1555,-8.6785,41.1555
1387,-8.6785,41.1554,-8.6785,41.1554
1388,-8.6785,41.1554,-8.6785,41.1554
1389,-8.6785,41.1555,-8.6785,41.1555
1390,-8.6785,41.1555,-8.6785,41.1555
1391,-8.6785,41.1555,-8.6785,41.1555
1392,-8.6785,41.1555,-8.6785,41.1555
1393,-8.6785,41.1555,-8.6785,41.1555
1394,-8.6785,41.1556,-8.6785,41.1556
1395,-8.6785,41.1556,-8.6785,41.1556
1396,-8.6785,41.1556,-8.6785,41.1556
1397,-8.6785,41.1556,-8.6785,41.1556
1398,-8.6785,41.1555,-8.6785,41.1555
1399,-8.6785,41.1555,-8.6785,41.1555
1400,-8.6785,41.1555,-8.6785,41.1555
1401,-8.6785,41.1555,-8.6785,41.1555
1402,-8.6785,41.1555,-8.6785,41.1555
1403,-8.6785,41.1555,-8.6785,41.1555
1404,-8.6785,41.1555,-8.6785,41.1555
1405,-8.6785,41.1554,-8.6785,41.1554
1406,-8.6785,41.1555,-8.6785,41.1555
1407,-8.6785,41.1555,-8.6785,41.1555
1408,-8.6785,41.1555,-8.6785,41.1555
1409,-8.6785,41.1556,-8.6785,41.1556
1410,-8.6785,41.1556,-8.6785,41.1556
1411,-8.6785,41.1556,-8.6785,41.1556
1412,-8.6785,41.1555,-8.6785,41.1555
1413,-8.6785,41.1554,-8.6785,41.1554
1414,-8.6785,41.1555,-8.6785,41.1555
1415,-8.6785,41.1555,-8.6785,41.1555
1416,-8.6785,41.1555,-8.6785,41.1555
1417,-8.6788,41.1554,-8.6788,41.1554
1418,-8.6790,41.1554,-8.6790,41.1554
1419,-8.6790,41.1554,-8.6790,41.1554
1420,-8.6796,41.1552,-8.6796,41.1552
1421,-8.6800,41.1550,-8.6800,41.1550
1422,-8.6793,41.1540,-8.6793,41.1540
1423,-8.6785,41.1526,-8.6785,41.1526
1424,-8.6777,41.1512,-8.6777,41.1512
1425,-8.6764,41.1501,-8.6764,41.1501
1426,-8.6759,41.1499,-8.6759,41.1499
1427,-8.6765,41.1508,-8.6765,41.1508
1428,-8.6759,41.1515,-8.6759,41.1515
1429,-8.6751,41.1519,-8.6751,41.1519
1430,-8.6742,41.1527,-8.6742,41.1527
1431,-8.6739,41.1541,-8.6739,41.1541
1432,-8.6729,41.1548,-8.6729,41.1548
1433,-8.6716,41.1555,-8.6716,41.1555
1434,-8.6697,41.1563,-8.6697,41.1563
1435,-8.6675,41.1571,-8.6675,41.1571
1436,-8.6654,41.1580,-8.6654,41.1580
1437,-8.6649,41.1581,-8.6649,41.1581
1438,-8.6633,41.1588,-8.6633,41.1588
1439,-8.6615,41.1594,-8.6615,41.1594
1440,-8.6596,41.1602,-8.6596,41.1602
1441,-8.6577,41.1610,-8.6577,41.1610
1442,-8.6559,41.1620,-8.6559,41.1620
1443,-8.6541,41.1620,-8.6541,41.1620
1444,-8.6519,41.1617,-8.6519,41.1617
1445,-8.6504,41.1615,-8.6504,41.1615
1446,-8.6503,41.1614,-8.6503,41.1614
1447,-8.6494,41.1612,-8.6494,41.1612
1448,-8.6472,41.1609,-8.6472,41.1609
1449,-8.6447,41.1605,-8.6447,41.1605
1450,-8.6441,41.1604,-8.6441,41.1604
1451,-8.6435,41.1604,-8.6435,41.1604
1452,-8.6417,41.1601,-8.6417,41.1601
1453,-8.6416,41.1600,-8.6416,41.1600
1454,-8.6416,41.1600,-8.6416,41.1600
1455,-8.6412,41.1603,-8.6412,41.1603
1456,-8.6394,41.1612,-8.6394,41.1612
1457,-8.6377,41.1619,-8.6377,41.1619
1458,-8.6361,41.1625,-8.6361,41.1625
1459,-8.6345,41.1632,-8.6345,41.1632
1460,-8.6336,41.1633,-8.6336,41.1633
1461,-8.6327,41.1623,-8.6327,41.1623
1462,-8.6316,41.1625,-8.6316,41.1625
1463,-8.6297,41.1633,-8.6297,41.1633
1464,-8.6283,41.1636,-8.6283,41.1636
1465,-8.6276,41.1636,-8.6276,41.1636
1466,-8.6276,41.1635,-8.6276,41.1635
1467,-8.6271,41.1635,-8.6271,41.1635
1468,-8.6254,41.1634,-8.6254,41.1634
1469,-8.6250,41.1634,-8.6250,41.1634
1470,-8.6250,41.1634,-8.6250,41.1634
1471,-8.6244,41.1634,-8.6244,41.1634
1472,-8.6227,41.1631,-8.6227,41.1631
1473,-8.6209,41.1628,-8.6209,41.1628
1474,-8.6207,41.1637,-8.6207,41.1637
1475,-8.6206,41.1641,-8.6206,41.1641
1476,-8.6206,41.1642,-8.6206,41.1642
1477,-8.6206,41.1642,-8.6206,41.1642
1478,-8.6206,41.1642,-8.6206,41.1642
1479,-8.6206,41.1642,-8.6206,41.1642
1480,-8.6206,41.1642,-8.6206,41.1642
1481,-8.6206,41.1642,-8.6206,41.1642
1482,-8.6206,41.1645,-8.6206,41.1645
1483,-8.6204,41.1656,-8.6204,41.1656
1484,-8.6202,41.1673,-8.6202,41.1673
1485,-8.6195,41.1677,-8.6195,41.1677
1486,-8.6176,41.1678,-8.6176,41.1678
1487,-8.6156,41.1677,-8.6156,41.1677
1488,-8.6138,41.1670,-8.6138,41.1670
1489,-8.6122,41.1664,-8.6122,41.1664
1490,-8.6115,41.1655,-8.6115,41.1655
1491,-8.6112,41.1648,-8.6112,41.1648
1492,-8.6111,41.1648,-8.6111,41.1648
1493,-8.6111,41.1647,-8.6111,41.1647
1494,-8.6111,41.1648,-8.6111,41.1648
1495,-8.6107,41.1647,-8.6107,41.1647
1496,-8.6090,41.1649,-8.6090,41.1649
1497,-8.6086,41.1649,-8.6086,41.1649
1498,-8.6076,41.1647,-8.6076,41.1647
1499,-8.6064,41.1645,-8.6064,41.1645
1500,-8.6064,41.1644,-8.6064,41.1644
1501,-8.6064,41.1644,-8.6064,41.1644
1502,-8.6063,41.1651,-8.6063,41.1651
1503,-8.6063,41.1653,-8.6063,41.1653
1504,-8.6063,41.1653,-8.6063,41.1653
1505,-8.6060,41.1654,-8.6060,41.1654
1506,-8.6044,41.1653,-8.6044,41.1653
1507,-8.6027,41.1657,-8.6027,41.1657
1508,-8.6017,41.1663,-8.6017,41.1663
1509,-8.6016,41.1669,-8.6016,41.1669
1510,-8.5998,41.1671,-8.5998,41.1671
1511,-8.5978,41.1670,-8.5978,41.1670
1512,-8.5976,41.1663,-8.5976,41.1663
1513,-8.5971,41.1664,-8.5971,41.1664
1514,-8.5969,41.1664,-8.5969,41.1664
1515,-8.5969,41.1664,-8.5969,41.1664
1516,-8.5969,41.1663,-8.5969,41.1663
1517,-8.5969,41.1663,-8.5969,41.1663
1518,-8.5969,41.1663,-8.5969,41.1663
1519,-8.5968,41.1664,-8.5968,41.1664
1520,-8.5968,41.1663,-8.5968,41.1663
1521,-8.5968,41.1663,-8.5968,41.1663
1522,-8.5968,41.1663,-8.5968,41.1663
1523,-8.5969,41.1663,-8.5969,41.1663
1524,-8.5968,41.1663,-8.5968,41.1663
1525,-8.5968,41.1663,-8.5968,41.1663
