1,-8.6288,41.1609,-8.6288,41.1609
2,-8.6287,41.1609,-8.6287,41.1609
3,-8.6286,41.1608,-8.6286,41.1608
4,-8.6286,41.1608,-8.6286,41.1608
5,-8.6285,41.1607,-8.6285,41.1607
6,-8.6289,41.1592,-8.6289,41.1592
7,-8.6293,41.1588,-8.6293,41.1588
8,-8.6298,41.1587,-8.6298,41.1587
9,-8.6303,41.1579,-8.6303,41.1579
10,-8.6297,41.1569,-8.6297,41.1569
11,-8.6298,41.1557,-8.6298,41.1557
12,-8.6307,41.1546,-8.6307,41.1546
13,-8.6306,41.1532,-8.6306,41.1532
14,-8.6306,41.1528,-8.6306,41.1528
15,-8.6306,41.1528,-8.6306,41.1528
16,-8.6306,41.1528,-8.6306,41.1528
17,-8.6305,41.1527,-8.6305,41.1527
18,-8.6305,41.1528,-8.6305,41.1528
19,-8.6306,41.1524,-8.6306,41.1524
20,-8.6304,41.1516,-8.6304,41.1516
21,-8.6293,41.1515,-8.6293,41.1515
22,-8.6299,41.1504,-8.6299,41.1504
23,-8.6313,41.1489,-8.6313,41.1489
24,-8.6324,41.1475,-8.6324,41.1475
25,-8.6326,41.1472,-8.6326,41.1472
26,-8.6326,41.1473,-8.6326,41.1473
27,-8.6326,41.1473,-8.6326,41.1473
28,-8.6326,41.1473,-8.6326,41.1473
29,-8.6326,41.1473,-8.6326,41.1473
30,-8.6324,41.1466,-8.6324,41.1466
31,-8.6317,41.1463,-8.6317,41.1463
32,-8.5811,41.1296,-8.5811,41.1296
33,-8.5822,41.1308,-8.5822,41.1308
34,-8.5842,41.1313,-8.5842,41.1313
35,-8.5861,41.1311,-8.5861,41.1311
36,-8.5878,41.1306,-8.5878,41.1306
37,-8.5886,41.1305,-8.5886,41.1305
38,-8.5911,41.1297,-8.5911,41.1297
39,-8.5926,41.1287,-8.5926,41.1287
40,-8.5926,41.1287,-8.5926,41.1287
41,-8.5926,41.1286,-8.5926,41.1286
42,-8.5926,41.1286,-8.5926,41.1286
43,-8.5926,41.1286,-8.5926,41.1286
44,-8.5933,41.1292,-8.5933,41.1292
45,-8.5949,41.1302,-8.5949,41.1302
46,-8.5964,41.1308,-8.5964,41.1308
47,-8.5977,41.1322,-8.5977,41.1322
48,-8.6006,41.1335,-8.6006,41.1335
49,-8.6025,41.1354,-8.6025,41.1354
50,-8.6016,41.1370,-8.6016,41.1370
51,-8.6015,41.1372,-8.6015,41.1372
52,-8.6012,41.1393,-8.6012,41.1393
53,-8.6018,41.1418,-8.6018,41.1418
54,-8.6022,41.1435,-8.6022,41.1435
55,-8.6030,41.1449,-8.6030,41.1449
56,-8.6033,41.1455,-8.6033,41.1455
57,-8.6040,41.1454,-8.6040,41.1454
58,-8.6046,41.1446,-8.6046,41.1446
59,-8.6050,41.1441,-8.6050,41.1441
60,-8.6053,41.1443,-8.6053,41.1443
61,-8.6055,41.1443,-8.6055,41.1443
62,-8.6058,41.1444,-8.6058,41.1444
63,-8.6059,41.1444,-8.6059,41.1444
64,-8.6059,41.1444,-8.6059,41.1444
65,-8.6060,41.1444,-8.6060,41.1444
66,-8.6060,41.1444,-8.6060,41.1444
67,-8.6060,41.1444,-8.6060,41.1444
68,-8.6060,41.1445,-8.6060,41.1445
69,-8.6060,41.1445,-8.6060,41.1445
70,-8.6059,41.1446,-8.6059,41.1446
71,-8.6058,41.1446,-8.6058,41.1446
72,-8.6058,41.1446,-8.6058,41.1446
73,-8.6059,41.1445,-8.6059,41.1445
74,-8.6059,41.1445,-8.6059,41.1445
75,-8.6060,41.1445,-8.6060,41.1445
76,-8.6060,41.1445,-8.6060,41.1445
77,-8.6060,41.1444,-8.6060,41.1444
78,-8.6061,41.1444,-8.6061,41.1444
79,-8.6060,41.1444,-8.6060,41.1444
80,-8.6062,41.1446,-8.6062,41.1446
81,-8.6063,41.1445,-8.6063,41.1445
82,-8.6063,41.1445,-8.6063,41.1445
83,-8.6063,41.1445,-8.6063,41.1445
84,-8.6063,41.1445,-8.6063,41.1445
85,-8.6063,41.1445,-8.6063,41.1445
86,-8.6063,41.1444,-8.6063,41.1444
87,-8.6063,41.1444,-8.6063,41.1444
88,-8.6064,41.1444,-8.6064,41.1444
89,-8.6063,41.1445,-8.6063,41.1445
90,-8.6063,41.1445,-8.6063,41.1445
91,-8.6062,41.1446,-8.6062,41.1446
92,-8.6063,41.1445,-8.6063,41.1445
93,-8.6063,41.1445,-8.6063,41.1445
94,-8.6062,41.1446,-8.6062,41.1446
95,-8.6062,41.1446,-8.6062,41.1446
96,-8.6062,41.1446,-8.6062,41.1446
97,-8.6062,41.1446,-8.6062,41.1446
98,-8.6063,41.1446,-8.6063,41.1446
99,-8.6063,41.1445,-8.6063,41.1445
100,-8.6063,41.1446,-8.6063,41.1446
101,-8.6062,41.1446,-8.6062,41.1446
102,-8.6062,41.1446,-8.6062,41.1446
103,-8.6063,41.1445,-8.6063,41.1445
104,-8.6063,41.1445,-8.6063,41.1445
105,-8.6063,41.1445,-8.6063,41.1445
106,-8.6063,41.1445,-8.6063,41.1445
107,-8.6063,41.1446,-8.6063,41.1446
108,-8.6062,41.1446,-8.6062,41.1446
109,-8.6062,41.1446,-8.6062,41.1446
110,-8.6062,41.1445,-8.6062,41.1445
111,-8.6063,41.1446,-8.6063,41.1446
112,-8.6063,41.1446,-8.6063,41.1446
113,-8.6063,41.1446,-8.6063,41.1446
114,-8.6063,41.1446,-8.6063,41.1446
115,-8.6063,41.1445,-8.6063,41.1445
116,-8.6063,41.1445,-8.6063,41.1445
117,-8.6063,41.1446,-8.6063,41.1446
118,-8.6063,41.1446,-8.6063,41.1446
119,-8.6063,41.1446,-8.6063,41.1446
120,-8.6063,41.1446,-8.6063,41.1446
121,-8.6063,41.1446,-8.6063,41.1446
122,-8.6063,41.1445,-8.6063,41.1445
123,-8.6062,41.1446,-8.6062,41.1446
124,-8.6062,41.1447,-8.6062,41.1447
125,-8.6062,41.1447,-8.6062,41.1447
126,-8.6062,41.1447,-8.6062,41.1447
127,-8.6062,41.1447,-8.6062,41.1447
128,-8.6063,41.1446,-8.6063,41.1446
129,-8.6063,41.1446,-8.6063,41.1446
130,-8.6063,41.1446,-8.6063,41.1446
131,-8.6062,41.1447,-8.6062,41.1447
132,-8.6062,41.1447,-8.6062,41.1447
133,-8.6062,41.1446,-8.6062,41.1446
134,-8.6062,41.1446,-8.6062,41.1446
135,-8.6062,41.1447,-8.6062,41.1447
136,-8.6062,41.1447,-8.6062,41.1447
137,-8.6062,41.1446,-8.6062,41.1446
138,-8.6063,41.1446,-8.6063,41.1446
139,-8.6063,41.1446,-8.6063,41.1446
140,-8.6063,41.1446,-8.6063,41.1446
141,-8.6063,41.1446,-8.6063,41.1446
142,-8.6063,41.1446,-8.6063,41.1446
143,-8.6063,41.1446,-8.6063,41.1446
144,-8.6063,41.1446,-8.6063,41.1446
145,-8.6063,41.1446,-8.6063,41.1446
146,-8.6063,41.1446,-8.6063,41.1446
147,-8.6063,41.1446,-8.6063,41.1446
148,-8.6063,41.1446,-8.6063,41.1446
149,-8.6063,41.1446,-8.6063,41.1446
150,-8.6062,41.1445,-8.6062,41.1445
151,-8.6062,41.1446,-8.6062,41.1446
152,-8.6062,41.1446,-8.6062,41.1446
153,-8.6062,41.1446,-8.6062,41.1446
154,-8.6062,41.1445,-8.6062,41.1445
155,-8.6062,41.1445,-8.6062,41.1445
156,-8.6062,41.1445,-8.6062,41.1445
157,-8.6062,41.1445,-8.6062,41.1445
158,-8.6062,41.1445,-8.6062,41.1445
159,-8.6062,41.1445,-8.6062,41.1445
160,-8.6062,41.1446,-8.6062,41.1446
161,-8.6062,41.1446,-8.6062,41.1446
162,-8.6062,41.1445,-8.6062,41.1445
163,-8.6062,41.1445,-8.6062,41.1445
164,-8.6062,41.1445,-8.6062,41.1445
165,-8.6062,41.1445,-8.6062,41.1445
166,-8.6062,41.1446,-8.6062,41.1446
167,-8.6062,41.1446,-8.6062,41.1446
168,-8.6062,41.1445,-8.6062,41.1445
169,-8.6062,41.1445,-8.6062,41.1445
170,-8.6062,41.1445,-8.6062,41.1445
171,-8.6062,41.1445,-8.6062,41.1445
172,-8.6062,41.1445,-8.6062,41.1445
173,-8.6062,41.1445,-8.6062,41.1445
174,-8.6062,41.1445,-8.6062,41.1445
175,-8.6062,41.1445,-8.6062,41.1445
176,-8.6063,41.1445,-8.6063,41.1445
177,-8.6062,41.1445,-8.6062,41.1445
178,-8.6062,41.1446,-8.6062,41.1446
179,-8.6062,41.1446,-8.6062,41.1446
180,-8.6062,41.1445,-8.6062,41.1445
181,-8.6062,41.1444,-8.6062,41.1444
182,-8.6062,41.1445,-8.6062,41.1445
183,-8.6062,41.1445,-8.6062,41.1445
184,-8.6062,41.1446,-8.6062,41.1446
185,-8.6062,41.1446,-8.6062,41.1446
186,-8.6062,41.1446,-8.6062,41.1446
187,-8.6061,41.1446,-8.6061,41.1446
188,-8.6062,41.1445,-8.6062,41.1445
189,-8.6063,41.1446,-8.6063,41.1446
190,-8.6071,41.1448,-8.6071,41.1448
191,-8.6076,41.1438,-8.6076,41.1438
192,-8.6082,41.1432,-8.6082,41.1432
193,-8.6082,41.1432,-8.6082,41.1432
194,-8.6081,41.1432,-8.6081,41.1432
195,-8.6075,41.1425,-8.6075,41.1425
196,-8.6055,41.1427,-8.6055,41.1427
197,-8.6051,41.1437,-8.6051,41.1437
198,-8.6051,41.1441,-8.6051,41.1441
199,-8.6052,41.1441,-8.6052,41.1441
200,-8.6052,41.1441,-8.6052,41.1441
201,-8.6053,41.1441,-8.6053,41.1441
202,-8.6054,41.1442,-8.6054,41.1442
203,-8.6055,41.1443,-8.6055,41.1443
204,-8.6056,41.1443,-8.6056,41.1443
205,-8.6056,41.1443,-8.6056,41.1443
206,-8.6055,41.1443,-8.6055,41.1443
207,-8.6055,41.1443,-8.6055,41.1443
208,-8.6055,41.1443,-8.6055,41.1443
209,-8.6056,41.1442,-8.6056,41.1442
210,-8.6055,41.1442,-8.6055,41.1442
211,-8.6055,41.1441,-8.6055,41.1441
212,-8.6055,41.1441,-8.6055,41.1441
213,-8.6055,41.1441,-8.6055,41.1441
214,-8.6054,41.1442,-8.6054,41.1442
215,-8.6056,41.1443,-8.6056,41.1443
216,-8.6066,41.1446,-8.6066,41.1446
217,-8.6068,41.1447,-8.6068,41.1447
218,-8.6068,41.1447,-8.6068,41.1447
219,-8.6069,41.1447,-8.6069,41.1447
220,-8.6072,41.1450,-8.6072,41.1450
221,-8.6072,41.1456,-8.6072,41.1456
222,-8.6071,41.1458,-8.6071,41.1458
223,-8.6071,41.1458,-8.6071,41.1458
224,-8.6070,41.1458,-8.6070,41.1458
225,-8.6069,41.1460,-8.6069,41.1460
226,-8.6069,41.1467,-8.6069,41.1467
227,-8.6074,41.1472,-8.6074,41.1472
228,-8.6085,41.1474,-8.6085,41.1474
229,-8.6100,41.1479,-8.6100,41.1479
230,-8.6105,41.1480,-8.6105,41.1480
231,-8.6106,41.1479,-8.6106,41.1479
232,-8.6107,41.1479,-8.6107,41.1479
233,-8.6112,41.1476,-8.6112,41.1476
234,-8.6114,41.1470,-8.6114,41.1470
235,-8.6115,41.1467,-8.6115,41.1467
236,-8.6115,41.1464,-8.6115,41.1464
237,-8.6115,41.1463,-8.6115,41.1463
238,-8.6109,41.1460,-8.6109,41.1460
239,-8.6109,41.1454,-8.6109,41.1454
240,-8.6109,41.1453,-8.6109,41.1453
241,-8.6109,41.1453,-8.6109,41.1453
242,-8.6110,41.1453,-8.6110,41.1453
243,-8.6110,41.1452,-8.6110,41.1452
244,-8.6110,41.1449,-8.6110,41.1449
245,-8.6105,41.1436,-8.6105,41.1436
246,-8.6096,41.1431,-8.6096,41.1431
247,-8.6088,41.1431,-8.6088,41.1431
248,-8.6075,41.1426,-8.6075,41.1426
249,-8.6059,41.1425,-8.6059,41.1425
250,-8.6052,41.1433,-8.6052,41.1433
251,-8.6048,41.1442,-8.6048,41.1442
252,-8.6047,41.1447,-8.6047,41.1447
253,-8.6044,41.1448,-8.6044,41.1448
254,-8.6044,41.1449,-8.6044,41.1449
255,-8.6042,41.1453,-8.6042,41.1453
256,-8.6039,41.1455,-8.6039,41.1455
257,-8.6038,41.1455,-8.6038,41.1455
258,-8.6028,41.1455,-8.6028,41.1455
259,-8.6012,41.1456,-8.6012,41.1456
260,-8.6001,41.1457,-8.6001,41.1457
261,-8.5994,41.1457,-8.5994,41.1457
262,-8.5993,41.1457,-8.5993,41.1457
263,-8.5985,41.1458,-8.5985,41.1458
264,-8.5975,41.1459,-8.5975,41.1459
265,-8.5960,41.1460,-8.5960,41.1460
266,-8.5946,41.1463,-8.5946,41.1463
267,-8.5923,41.1465,-8.5923,41.1465
268,-8.5903,41.1470,-8.5903,41.1470
269,-8.5895,41.1472,-8.5895,41.1472
270,-8.5888,41.1483,-8.5888,41.1483
271,-8.5884,41.1492,-8.5884,41.1492
272,-8.5880,41.1493,-8.5880,41.1493
273,-8.5887,41.1496,-8.5887,41.1496
274,-8.5904,41.1501,-8.5904,41.1501
275,-8.5922,41.1506,-8.5922,41.1506
276,-8.5931,41.1508,-8.5931,41.1508
277,-8.5932,41.1508,-8.5932,41.1508
278,-8.5933,41.1508,-8.5933,41.1508
279,-8.5932,41.1508,-8.5932,41.1508
280,-8.5934,41.1510,-8.5934,41.1510
281,-8.5923,41.1517,-8.5923,41.1517
282,-8.5916,41.1530,-8.5916,41.1530
283,-8.5911,41.1541,-8.5911,41.1541
284,-8.5907,41.1555,-8.5907,41.1555
285,-8.5882,41.1555,-8.5882,41.1555
286,-8.5852,41.1556,-8.5852,41.1556
287,-8.5836,41.1560,-8.5836,41.1560
288,-8.5811,41.1561,-8.5811,41.1561
289,-8.5791,41.1563,-8.5791,41.1563
290,-8.5786,41.1566,-8.5786,41.1566
291,-8.5789,41.1578,-8.5789,41.1578
292,-8.5786,41.1591,-8.5786,41.1591
293,-8.5785,41.1601,-8.5785,41.1601
294,-8.5783,41.1606,-8.5783,41.1606
295,-8.5779,41.1611,-8.5779,41.1611
296,-8.5775,41.1622,-8.5775,41.1622
297,-8.5772,41.1635,-8.5772,41.1635
298,-8.5765,41.1642,-8.5765,41.1642
299,-8.5758,41.1631,-8.5758,41.1631
300,-8.5755,41.1626,-8.5755,41.1626
301,-8.5755,41.1626,-8.5755,41.1626
302,-8.5754,41.1626,-8.5754,41.1626
303,-8.5754,41.1626,-8.5754,41.1626
304,-8.5754,41.1626,-8.5754,41.1626
305,-8.5754,41.1626,-8.5754,41.1626
306,-8.5754,41.1626,-8.5754,41.1626
307,-8.5754,41.1626,-8.5754,41.1626
308,-8.5754,41.1626,-8.5754,41.1626
309,-8.5755,41.1626,-8.5755,41.1626
310,-8.5755,41.1626,-8.5755,41.1626
311,-8.5754,41.1626,-8.5754,41.1626
312,-8.5754,41.1626,-8.5754,41.1626
313,-8.5754,41.1625,-8.5754,41.1625
314,-8.5754,41.1625,-8.5754,41.1625
315,-8.5755,41.1626,-8.5755,41.1626
316,-8.5755,41.1626,-8.5755,41.1626
317,-8.5755,41.1626,-8.5755,41.1626
318,-8.5755,41.1626,-8.5755,41.1626
319,-8.5755,41.1626,-8.5755,41.1626
320,-8.5754,41.1626,-8.5754,41.1626
321,-8.5754,41.1625,-8.5754,41.1625
322,-8.5754,41.1625,-8.5754,41.1625
323,-8.5754,41.1625,-8.5754,41.1625
324,-8.5754,41.1625,-8.5754,41.1625
325,-8.5754,41.1625,-8.5754,41.1625
326,-8.5754,41.1625,-8.5754,41.1625
327,-8.5754,41.1625,-8.5754,41.1625
328,-8.5754,41.1625,-8.5754,41.1625
329,-8.5754,41.1625,-8.5754,41.1625
330,-8.5754,41.1625,-8.5754,41.1625
331,-8.5754,41.1625,-8.5754,41.1625
332,-8.5753,41.1624,-8.5753,41.1624
333,-8.5753,41.1623,-8.5753,41.1623
334,-8.5753,41.1623,-8.5753,41.1623
335,-8.5753,41.1623,-8.5753,41.1623
336,-8.5752,41.1623,-8.5752,41.1623
337,-8.5748,41.1626,-8.5748,41.1626
338,-8.5757,41.1634,-8.5757,41.1634
339,-8.5762,41.1644,-8.5762,41.1644
340,-8.5770,41.1654,-8.5770,41.1654
341,-8.5772,41.1657,-8.5772,41.1657
342,-8.5783,41.1652,-8.5783,41.1652
343,-8.5785,41.1651,-8.5785,41.1651
344,-8.5795,41.1642,-8.5795,41.1642
345,-8.5811,41.1644,-8.5811,41.1644
346,-8.5824,41.1654,-8.5824,41.1654
347,-8.5840,41.1666,-8.5840,41.1666
348,-8.5862,41.1669,-8.5862,41.1669
349,-8.5875,41.1681,-8.5875,41.1681
350,-8.5873,41.1688,-8.5873,41.1688
351,-8.5872,41.1688,-8.5872,41.1688
352,-8.5867,41.1699,-8.5867,41.1699
353,-8.5860,41.1714,-8.5860,41.1714
354,-8.5858,41.1718,-8.5858,41.1718
355,-8.5856,41.1721,-8.5856,41.1721
356,-8.5849,41.1735,-8.5849,41.1735
357,-8.5846,41.1741,-8.5846,41.1741
358,-8.5847,41.1742,-8.5847,41.1742
359,-8.5847,41.1742,-8.5847,41.1742
360,-8.5846,41.1743,-8.5846,41.1743
361,-8.5839,41.1756,-8.5839,41.1756
362,-8.5829,41.1772,-8.5829,41.1772
363,-8.5828,41.1775,-8.5828,41.1775
364,-8.5825,41.1784,-8.5825,41.1784
365,-8.5820,41.1799,-8.5820,41.1799
366,-8.5819,41.1804,-8.5819,41.1804
367,-8.5830,41.1810,-8.5830,41.1810
368,-8.5831,41.1811,-8.5831,41.1811
369,-8.5838,41.1815,-8.5838,41.1815
370,-8.5851,41.1809,-8.5851,41.1809
371,-8.5864,41.1801,-8.5864,41.1801
372,-8.5881,41.1798,-8.5881,41.1798
373,-8.5891,41.1799,-8.5891,41.1799
374,-8.5891,41.1799,-8.5891,41.1799
375,-8.5894,41.1799,-8.5894,41.1799
376,-8.5914,41.1803,-8.5914,41.1803
377,-8.5936,41.1812,-8.5936,41.1812
378,-8.5948,41.1817,-8.5948,41.1817
379,-8.5957,41.1819,-8.5957,41.1819
380,-8.5961,41.1821,-8.5961,41.1821
381,-8.6019,41.1425,-8.6019,41.1425
382,-8.6025,41.1440,-8.6025,41.1440
383,-8.5961,41.1820,-8.5961,41.1820
384,-8.5961,41.1821,-8.5961,41.1821
385,-8.5961,41.1821,-8.5961,41.1821
386,-8.5961,41.1821,-8.5961,41.1821
387,-8.5961,41.1820,-8.5961,41.1820
388,-8.5969,41.1823,-8.5969,41.1823
389,-8.5985,41.1827,-8.5985,41.1827
390,-8.6000,41.1832,-8.6000,41.1832
391,-8.6017,41.1835,-8.6017,41.1835
392,-8.6035,41.1839,-8.6035,41.1839
393,-8.6054,41.1844,-8.6054,41.1844
394,-8.6077,41.1848,-8.6077,41.1848
395,-8.6091,41.1847,-8.6091,41.1847
396,-8.6091,41.1847,-8.6091,41.1847
397,-8.6097,41.1845,-8.6097,41.1845
398,-8.6113,41.1840,-8.6113,41.1840
399,-8.6122,41.1837,-8.6122,41.1837
400,-8.6128,41.1835,-8.6128,41.1835
401,-8.6145,41.1833,-8.6145,41.1833
402,-8.6165,41.1831,-8.6165,41.1831
403,-8.6185,41.1823,-8.6185,41.1823
404,-8.6203,41.1814,-8.6203,41.1814
405,-8.6222,41.1823,-8.6222,41.1823
406,-8.6232,41.1842,-8.6232,41.1842
407,-8.6245,41.1861,-8.6245,41.1861
408,-8.6258,41.1881,-8.6258,41.1881
409,-8.6271,41.1901,-8.6271,41.1901
410,-8.6281,41.1923,-8.6281,41.1923
411,-8.6283,41.1947,-8.6283,41.1947
412,-8.6276,41.1974,-8.6276,41.1974
413,-8.6273,41.2001,-8.6273,41.2001
414,-8.6273,41.2032,-8.6273,41.2032
415,-8.6272,41.2060,-8.6272,41.2060
416,-8.6272,41.2086,-8.6272,41.2086
417,-8.6271,41.2112,-8.6271,41.2112
418,-8.6271,41.2140,-8.6271,41.2140
419,-8.6270,41.2168,-8.6270,41.2168
420,-8.6269,41.2196,-8.6269,41.2196
421,-8.6266,41.2223,-8.6266,41.2223
422,-8.6262,41.2248,-8.6262,41.2248
423,-8.6263,41.2272,-8.6263,41.2272
424,-8.6266,41.2295,-8.6266,41.2295
425,-8.6268,41.2319,-8.6268,41.2319
426,-8.6269,41.2343,-8.6269,41.2343
427,-8.6264,41.2367,-8.6264,41.2367
428,-8.6249,41.2391,-8.6249,41.2391
429,-8.6233,41.2415,-8.6233,41.2415
430,-8.6220,41.2436,-8.6220,41.2436
431,-8.6206,41.2457,-8.6206,41.2457
432,-8.6192,41.2479,-8.6192,41.2479
433,-8.6177,41.2504,-8.6177,41.2504
434,-8.6169,41.2525,-8.6169,41.2525
435,-8.6166,41.2543,-8.6166,41.2543
436,-8.6165,41.2552,-8.6165,41.2552
437,-8.6163,41.2565,-8.6163,41.2565
438,-8.6161,41.2581,-8.6161,41.2581
439,-8.6161,41.2594,-8.6161,41.2594
440,-8.6161,41.2599,-8.6161,41.2599
441,-8.6161,41.2613,-8.6161,41.2613
442,-8.6156,41.2629,-8.6156,41.2629
443,-8.6141,41.2642,-8.6141,41.2642
444,-8.6130,41.2658,-8.6130,41.2658
445,-8.6118,41.2666,-8.6118,41.2666
446,-8.6114,41.2680,-8.6114,41.2680
447,-8.6109,41.2696,-8.6109,41.2696
448,-8.6099,41.2713,-8.6099,41.2713
449,-8.6090,41.2730,-8.6090,41.2730
450,-8.6083,41.2748,-8.6083,41.2748
451,-8.6074,41.2766,-8.6074,41.2766
452,-8.6069,41.2783,-8.6069,41.2783
453,-8.6063,41.2800,-8.6063,41.2800
454,-8.6056,41.2817,-8.6056,41.2817
455,-8.6054,41.2836,-8.6054,41.2836
456,-8.6042,41.2850,-8.6042,41.2850
457,-8.6034,41.2858,-8.6034,41.2858
458,-8.6023,41.2865,-8.6023,41.2865
459,-8.6018,41.2865,-8.6018,41.2865
460,-8.6018,41.2865,-8.6018,41.2865
461,-8.6018,41.2865,-8.6018,41.2865
462,-8.6018,41.2865,-8.6018,41.2865
463,-8.6018,41.2865,-8.6018,41.2865
464,-8.6017,41.2865,-8.6017,41.2865
465,-8.6003,41.2865,-8.6003,41.2865
466,-8.5985,41.2864,-8.5985,41.2864
467,-8.5982,41.2862,-8.5982,41.2862
468,-8.5982,41.2861,-8.5982,41.2861
469,-8.5982,41.2861,-8.5982,41.2861
470,-8.5982,41.2861,-8.5982,41.2861
471,-8.5982,41.2861,-8.5982,41.2861
472,-8.5982,41.2861,-8.5982,41.2861
473,-8.5982,41.2861,-8.5982,41.2861
474,-8.5982,41.2861,-8.5982,41.2861
475,-8.5980,41.2859,-8.5980,41.2859
476,-8.5966,41.2857,-8.5966,41.2857
477,-8.5946,41.2859,-8.5946,41.2859
478,-8.5925,41.2856,-8.5925,41.2856
479,-8.5903,41.2847,-8.5903,41.2847
480,-8.5878,41.2838,-8.5878,41.2838
481,-8.5856,41.2830,-8.5856,41.2830
482,-8.5833,41.2829,-8.5833,41.2829
483,-8.5809,41.2830,-8.5809,41.2830
484,-8.5791,41.2835,-8.5791,41.2835
485,-8.5778,41.2841,-8.5778,41.2841
486,-8.5758,41.2839,-8.5758,41.2839
487,-8.5740,41.2837,-8.5740,41.2837
488,-8.5718,41.2837,-8.5718,41.2837
489,-8.5694,41.2837,-8.5694,41.2837
490,-8.5672,41.2836,-8.5672,41.2836
491,-8.5653,41.2832,-8.5653,41.2832
492,-8.5636,41.2828,-8.5636,41.2828
493,-8.5622,41.2822,-8.5622,41.2822
494,-8.5613,41.2819,-8.5613,41.2819
495,-8.5613,41.2819,-8.5613,41.2819
496,-8.5614,41.2818,-8.5614,41.2818
497,-8.5617,41.2814,-8.5617,41.2814
498,-8.5619,41.2810,-8.5619,41.2810
499,-8.5619,41.2810,-8.5619,41.2810
500,-8.5619,41.2810,-8.5619,41.2810
501,-8.5619,41.2808,-8.5619,41.2808
502,-8.5621,41.2802,-8.5621,41.2802
503,-8.5620,41.2802,-8.5620,41.2802
504,-8.5620,41.2806,-8.5620,41.2806
505,-8.5618,41.2813,-8.5618,41.2813
506,-8.5614,41.2817,-8.5614,41.2817
507,-8.5598,41.2810,-8.5598,41.2810
508,-8.5579,41.2800,-8.5579,41.2800
509,-8.5559,41.2791,-8.5559,41.2791
510,-8.5541,41.2793,-8.5541,41.2793
511,-8.5527,41.2794,-8.5527,41.2794
512,-8.5516,41.2788,-8.5516,41.2788
513,-8.5498,41.2779,-8.5498,41.2779
514,-8.5480,41.2770,-8.5480,41.2770
515,-8.5462,41.2760,-8.5462,41.2760
516,-8.5442,41.2753,-8.5442,41.2753
517,-8.5422,41.2750,-8.5422,41.2750
518,-8.5405,41.2741,-8.5405,41.2741
519,-8.5388,41.2730,-8.5388,41.2730
520,-8.5369,41.2718,-8.5369,41.2718
521,-8.5351,41.2708,-8.5351,41.2708
522,-8.5335,41.2706,-8.5335,41.2706
523,-8.5319,41.2698,-8.5319,41.2698
524,-8.5301,41.2687,-8.5301,41.2687
525,-8.5287,41.2674,-8.5287,41.2674
526,-8.5271,41.2660,-8.5271,41.2660
527,-8.5257,41.2650,-8.5257,41.2650
528,-8.5248,41.2634,-8.5248,41.2634
529,-8.5229,41.2625,-8.5229,41.2625
530,-8.5216,41.2618,-8.5216,41.2618
531,-8.5201,41.2618,-8.5201,41.2618
532,-8.5185,41.2617,-8.5185,41.2617
533,-8.5162,41.2617,-8.5162,41.2617
534,-8.5143,41.2608,-8.5143,41.2608
535,-8.5126,41.2596,-8.5126,41.2596
536,-8.5115,41.2584,-8.5115,41.2584
537,-8.5100,41.2581,-8.5100,41.2581
538,-8.5090,41.2589,-8.5090,41.2589
539,-8.5080,41.2589,-8.5080,41.2589
540,-8.5076,41.2590,-8.5076,41.2590
541,-8.5064,41.2591,-8.5064,41.2591
542,-8.5045,41.2597,-8.5045,41.2597
543,-8.5024,41.2596,-8.5024,41.2596
544,-8.5005,41.2588,-8.5005,41.2588
545,-8.4994,41.2584,-8.4994,41.2584
546,-8.4987,41.2582,-8.4987,41.2582
547,-8.4980,41.2581,-8.4980,41.2581
548,-8.4963,41.2587,-8.4963,41.2587
549,-8.4941,41.2594,-8.4941,41.2594
550,-8.4919,41.2600,-8.4919,41.2600
551,-8.4900,41.2603,-8.4900,41.2603
552,-8.4883,41.2598,-8.4883,41.2598
553,-8.4862,41.2591,-8.4862,41.2591
554,-8.4842,41.2595,-8.4842,41.2595
555,-8.4832,41.2601,-8.4832,41.2601
556,-8.4822,41.2616,-8.4822,41.2616
557,-8.4811,41.2632,-8.4811,41.2632
558,-8.4801,41.2641,-8.4801,41.2641
559,-8.4781,41.2651,-8.4781,41.2651
560,-8.4759,41.2663,-8.4759,41.2663
561,-8.4736,41.2675,-8.4736,41.2675
562,-8.4716,41.2685,-8.4716,41.2685
563,-8.4702,41.2699,-8.4702,41.2699
564,-8.4699,41.2717,-8.4699,41.2717
565,-8.4693,41.2735,-8.4693,41.2735
566,-8.4684,41.2750,-8.4684,41.2750
567,-8.4693,41.2770,-8.4693,41.2770
568,-8.4699,41.2791,-8.4699,41.2791
569,-8.4699,41.2810,-8.4699,41.2810
570,-8.4703,41.2829,-8.4703,41.2829
571,-8.4715,41.2847,-8.4715,41.2847
572,-8.4720,41.2866,-8.4720,41.2866
573,-8.4714,41.2886,-8.4714,41.2886
574,-8.4710,41.2904,-8.4710,41.2904
575,-8.4710,41.2924,-8.4710,41.2924
576,-8.4710,41.2946,-8.4710,41.2946
577,-8.4710,41.2967,-8.4710,41.2967
578,-8.4709,41.2987,-8.4709,41.2987
579,-8.4710,41.3013,-8.4710,41.3013
580,-8.4709,41.3040,-8.4709,41.3040
581,-8.4709,41.3063,-8.4709,41.3063
582,-8.4709,41.3086,-8.4709,41.3086
583,-8.4715,41.3106,-8.4715,41.3106
584,-8.4706,41.3125,-8.4706,41.3125
585,-8.4699,41.3150,-8.4699,41.3150
586,-8.4694,41.3174,-8.4694,41.3174
587,-8.4692,41.3199,-8.4692,41.3199
588,-8.4689,41.3225,-8.4689,41.3225
589,-8.4697,41.3253,-8.4697,41.3253
590,-8.4706,41.3276,-8.4706,41.3276
591,-8.4700,41.3290,-8.4700,41.3290
592,-8.4726,41.3284,-8.4726,41.3284
593,-8.4752,41.3279,-8.4752,41.3279
594,-8.4768,41.3290,-8.4768,41.3290
595,-8.4770,41.3291,-8.4770,41.3291
596,-8.4775,41.3288,-8.4775,41.3288
597,-8.4777,41.3293,-8.4777,41.3293
598,-8.4777,41.3308,-8.4777,41.3308
599,-8.4784,41.3327,-8.4784,41.3327
600,-8.4790,41.3345,-8.4790,41.3345
601,-8.4793,41.3357,-8.4793,41.3357
602,-8.4785,41.3374,-8.4785,41.3374
603,-8.4766,41.3382,-8.4766,41.3382
604,-8.4758,41.3384,-8.4758,41.3384
605,-8.4754,41.3384,-8.4754,41.3384
606,-8.4754,41.3384,-8.4754,41.3384
607,-8.4754,41.3384,-8.4754,41.3384
608,-8.4752,41.3393,-8.4752,41.3393
609,-8.4747,41.3400,-8.4747,41.3400
610,-8.4744,41.3404,-8.4744,41.3404
611,-8.4742,41.3407,-8.4742,41.3407
612,-8.4743,41.3407,-8.4743,41.3407
613,-8.4743,41.3409,-8.4743,41.3409
614,-8.4744,41.3410,-8.4744,41.3410
615,-8.4744,41.3410,-8.4744,41.3410
616,-8.4745,41.3410,-8.4745,41.3410
617,-8.4744,41.3409,-8.4744,41.3409
618,-8.4744,41.3409,-8.4744,41.3409
619,-8.4744,41.3408,-8.4744,41.3408
620,-8.4743,41.3409,-8.4743,41.3409
621,-8.4743,41.3409,-8.4743,41.3409
622,-8.4744,41.3409,-8.4744,41.3409
623,-8.4744,41.3409,-8.4744,41.3409
624,-8.4744,41.3409,-8.4744,41.3409
625,-8.4743,41.3409,-8.4743,41.3409
626,-8.4743,41.3409,-8.4743,41.3409
627,-8.4743,41.3408,-8.4743,41.3408
628,-8.4743,41.3409,-8.4743,41.3409
629,-8.4744,41.3409,-8.4744,41.3409
630,-8.4744,41.3409,-8.4744,41.3409
631,-8.4744,41.3410,-8.4744,41.3410
632,-8.4744,41.3410,-8.4744,41.3410
633,-8.4744,41.3411,-8.4744,41.3411
634,-8.4745,41.3411,-8.4745,41.3411
635,-8.4744,41.3410,-8.4744,41.3410
636,-8.4744,41.3410,-8.4744,41.3410
637,-8.4744,41.3409,-8.4744,41.3409
638,-8.4743,41.3409,-8.4743,41.3409
639,-8.4743,41.3408,-8.4743,41.3408
640,-8.4743,41.3408,-8.4743,41.3408
641,-8.4743,41.3409,-8.4743,41.3409
642,-8.4743,41.3409,-8.4743,41.3409
643,-8.4743,41.3409,-8.4743,41.3409
644,-8.4743,41.3410,-8.4743,41.3410
645,-8.4743,41.3409,-8.4743,41.3409
646,-8.4743,41.3408,-8.4743,41.3408
647,-8.4743,41.3408,-8.4743,41.3408
648,-8.4743,41.3408,-8.4743,41.3408
649,-8.4743,41.3408,-8.4743,41.3408
650,-8.4743,41.3409,-8.4743,41.3409
651,-8.4743,41.3409,-8.4743,41.3409
652,-8.4743,41.3409,-8.4743,41.3409
653,-8.4743,41.3409,-8.4743,41.3409
654,-8.4744,41.3410,-8.4744,41.3410
655,-8.4744,41.3410,-8.4744,41.3410
656,-8.4743,41.3409,-8.4743,41.3409
657,-8.4743,41.3408,-8.4743,41.3408
658,-8.4743,41.3408,-8.4743,41.3408
659,-8.4743,41.3408,-8.4743,41.3408
660,-8.4743,41.3408,-8.4743,41.3408
661,-8.4743,41.3408,-8.4743,41.3408
662,-8.4743,41.3409,-8.4743,41.3409
663,-8.4743,41.3408,-8.4743,41.3408
664,-8.4744,41.3410,-8.4744,41.3410
665,-8.4744,41.3411,-8.4744,41.3411
666,-8.4744,41.3410,-8.4744,41.3410
667,-8.4744,41.3410,-8.4744,41.3410
668,-8.4743,41.3409,-8.4743,41.3409
669,-8.4743,41.3409,-8.4743,41.3409
670,-8.4743,41.3409,-8.4743,41.3409
671,-8.4743,41.3409,-8.4743,41.3409
672,-8.4743,41.3409,-8.4743,41.3409
673,-8.4744,41.3410,-8.4744,41.3410
674,-8.4743,41.3410,-8.4743,41.3410
675,-8.4743,41.3409,-8.4743,41.3409
676,-8.4743,41.3410,-8.4743,41.3410
677,-8.4744,41.3410,-8.4744,41.3410
678,-8.4743,41.3410,-8.4743,41.3410
679,-8.4743,41.3409,-8.4743,41.3409
680,-8.4743,41.3410,-8.4743,41.3410
681,-8.4737,41.3413,-8.4737,41.3413
682,-8.4732,41.3420,-8.4732,41.3420
683,-8.4728,41.3426,-8.4728,41.3426
684,-8.4735,41.3431,-8.4735,41.3431
685,-8.4725,41.3436,-8.4725,41.3436
686,-8.4726,41.3438,-8.4726,41.3438
687,-8.4728,41.3441,-8.4728,41.3441
688,-8.4729,41.3442,-8.4729,41.3442
689,-8.4729,41.3442,-8.4729,41.3442
690,-8.4729,41.3442,-8.4729,41.3442
691,-8.4729,41.3442,-8.4729,41.3442
692,-8.4729,41.3442,-8.4729,41.3442
693,-8.4729,41.3441,-8.4729,41.3441
694,-8.4729,41.3441,-8.4729,41.3441
695,-8.4729,41.3441,-8.4729,41.3441
696,-8.4730,41.3442,-8.4730,41.3442
697,-8.4730,41.3442,-8.4730,41.3442
698,-8.4729,41.3442,-8.4729,41.3442
699,-8.4729,41.3441,-8.4729,41.3441
700,-8.4729,41.3441,-8.4729,41.3441
701,-8.4729,41.3441,-8.4729,41.3441
702,-8.4729,41.3441,-8.4729,41.3441
703,-8.4729,41.3441,-8.4729,41.3441
704,-8.4729,41.3441,-8.4729,41.3441
705,-8.4729,41.3441,-8.4729,41.3441
706,-8.4730,41.3441,-8.4730,41.3441
707,-8.4730,41.3442,-8.4730,41.3442
708,-8.4730,41.3442,-8.4730,41.3442
709,-8.4730,41.3442,-8.4730,41.3442
710,-8.4731,41.3441,-8.4731,41.3441
711,-8.4737,41.3441,-8.4737,41.3441
712,-8.4740,41.3446,-8.4740,41.3446
713,-8.4743,41.3453,-8.4743,41.3453
714,-8.4744,41.3454,-8.4744,41.3454
715,-8.4745,41.3458,-8.4745,41.3458
716,-8.4739,41.3461,-8.4739,41.3461
717,-8.4734,41.3460,-8.4734,41.3460
718,-8.4728,41.3456,-8.4728,41.3456
719,-8.4727,41.3454,-8.4727,41.3454
720,-8.4727,41.3450,-8.4727,41.3450
721,-8.4725,41.3444,-8.4725,41.3444
722,-8.4716,41.3437,-8.4716,41.3437
723,-8.4706,41.3433,-8.4706,41.3433
724,-8.4695,41.3427,-8.4695,41.3427
725,-8.4697,41.3416,-8.4697,41.3416
726,-8.4698,41.3408,-8.4698,41.3408
727,-8.4699,41.3410,-8.4699,41.3410
728,-8.4694,41.3422,-8.4694,41.3422
729,-8.4692,41.3424,-8.4692,41.3424
730,-8.4692,41.3426,-8.4692,41.3426
731,-8.4701,41.3433,-8.4701,41.3433
732,-8.4715,41.3436,-8.4715,41.3436
733,-8.4725,41.3445,-8.4725,41.3445
734,-8.4726,41.3452,-8.4726,41.3452
735,-8.4722,41.3454,-8.4722,41.3454
736,-8.4720,41.3451,-8.4720,41.3451
737,-8.4718,41.3449,-8.4718,41.3449
738,-8.4718,41.3448,-8.4718,41.3448
739,-8.4718,41.3448,-8.4718,41.3448
740,-8.4718,41.3448,-8.4718,41.3448
741,-8.4717,41.3448,-8.4717,41.3448
742,-8.4718,41.3448,-8.4718,41.3448
743,-8.4720,41.3448,-8.4720,41.3448
744,-8.4719,41.3450,-8.4719,41.3450
745,-8.4718,41.3450,-8.4718,41.3450
746,-8.4719,41.3450,-8.4719,41.3450
747,-8.4719,41.3450,-8.4719,41.3450
748,-8.4719,41.3450,-8.4719,41.3450
749,-8.4719,41.3451,-8.4719,41.3451
750,-8.4719,41.3451,-8.4719,41.3451
751,-8.4719,41.3451,-8.4719,41.3451
752,-8.4719,41.3450,-8.4719,41.3450
753,-8.4719,41.3450,-8.4719,41.3450
754,-8.4719,41.3450,-8.4719,41.3450
755,-8.4719,41.3450,-8.4719,41.3450
756,-8.4719,41.3450,-8.4719,41.3450
757,-8.4720,41.3450,-8.4720,41.3450
758,-8.4720,41.3450,-8.4720,41.3450
759,-8.4720,41.3450,-8.4720,41.3450
760,-8.4720,41.3450,-8.4720,41.3450
761,-8.4720,41.3450,-8.4720,41.3450
762,-8.4720,41.3450,-8.4720,41.3450
763,-8.4720,41.3450,-8.4720,41.3450
764,-8.4720,41.3450,-8.4720,41.3450
765,-8.4720,41.3450,-8.4720,41.3450
766,-8.4720,41.3450,-8.4720,41.3450
767,-8.4719,41.3450,-8.4719,41.3450
768,-8.4720,41.3450,-8.4720,41.3450
769,-8.4720,41.3450,-8.4720,41.3450
770,-8.4720,41.3449,-8.4720,41.3449
771,-8.4719,41.3450,-8.4719,41.3450
772,-8.4719,41.3450,-8.4719,41.3450
773,-8.4719,41.3450,-8.4719,41.3450
774,-8.4719,41.3450,-8.4719,41.3450
775,-8.4718,41.3449,-8.4718,41.3449
776,-8.4719,41.3449,-8.4719,41.3449
777,-8.4720,41.3449,-8.4720,41.3449
778,-8.4720,41.3449,-8.4720,41.3449
779,-8.4719,41.3450,-8.4719,41.3450
780,-8.4719,41.3450,-8.4719,41.3450
781,-8.4720,41.3450,-8.4720,41.3450
782,-8.4720,41.3450,-8.4720,41.3450
783,-8.4719,41.3450,-8.4719,41.3450
784,-8.4720,41.3449,-8.4720,41.3449
785,-8.4720,41.3449,-8.4720,41.3449
786,-8.4720,41.3449,-8.4720,41.3449
787,-8.4720,41.3449,-8.4720,41.3449
788,-8.4720,41.3449,-8.4720,41.3449
789,-8.4720,41.3449,-8.4720,41.3449
790,-8.4719,41.3449,-8.4719,41.3449
791,-8.4719,41.3449,-8.4719,41.3449
792,-8.4719,41.3449,-8.4719,41.3449
793,-8.4720,41.3449,-8.4720,41.3449
794,-8.4720,41.3449,-8.4720,41.3449
795,-8.4720,41.3450,-8.4720,41.3450
796,-8.4719,41.3449,-8.4719,41.3449
797,-8.4720,41.3450,-8.4720,41.3450
798,-8.4720,41.3449,-8.4720,41.3449
799,-8.4720,41.3449,-8.4720,41.3449
800,-8.4720,41.3450,-8.4720,41.3450
801,-8.4720,41.3450,-8.4720,41.3450
802,-8.4719,41.3449,-8.4719,41.3449
803,-8.4719,41.3450,-8.4719,41.3450
804,-8.4719,41.3450,-8.4719,41.3450
805,-8.4720,41.3450,-8.4720,41.3450
806,-8.4720,41.3450,-8.4720,41.3450
807,-8.4719,41.3450,-8.4719,41.3450
808,-8.4719,41.3450,-8.4719,41.3450
809,-8.4719,41.3450,-8.4719,41.3450
810,-8.4719,41.3450,-8.4719,41.3450
811,-8.4719,41.3449,-8.4719,41.3449
812,-8.4719,41.3449,-8.4719,41.3449
813,-8.4718,41.3450,-8.4718,41.3450
814,-8.4719,41.3450,-8.4719,41.3450
815,-8.4719,41.3450,-8.4719,41.3450
816,-8.4719,41.3450,-8.4719,41.3450
817,-8.4719,41.3450,-8.4719,41.3450
818,-8.4719,41.3450,-8.4719,41.3450
819,-8.4718,41.3450,-8.4718,41.3450
820,-8.4719,41.3450,-8.4719,41.3450
821,-8.4720,41.3450,-8.4720,41.3450
822,-8.4720,41.3450,-8.4720,41.3450
823,-8.4720,41.3450,-8.4720,41.3450
824,-8.4720,41.3450,-8.4720,41.3450
825,-8.4719,41.3450,-8.4719,41.3450
826,-8.4719,41.3450,-8.4719,41.3450
827,-8.4719,41.3450,-8.4719,41.3450
828,-8.4719,41.3450,-8.4719,41.3450
829,-8.4719,41.3450,-8.4719,41.3450
830,-8.4719,41.3450,-8.4719,41.3450
831,-8.4719,41.3450,-8.4719,41.3450
832,-8.4719,41.3450,-8.4719,41.3450
833,-8.4719,41.3450,-8.4719,41.3450
834,-8.4721,41.3454,-8.4721,41.3454
835,-8.4721,41.3456,-8.4721,41.3456
836,-8.4715,41.3458,-8.4715,41.3458
837,-8.4714,41.3458,-8.4714,41.3458
838,-8.4714,41.3459,-8.4714,41.3459
839,-8.4714,41.3458,-8.4714,41.3458
840,-8.4714,41.3458,-8.4714,41.3458
841,-8.4714,41.3458,-8.4714,41.3458
842,-8.4714,41.3458,-8.4714,41.3458
843,-8.4714,41.3458,-8.4714,41.3458
844,-8.4714,41.3458,-8.4714,41.3458
845,-8.4715,41.3458,-8.4715,41.3458
846,-8.4715,41.3458,-8.4715,41.3458
847,-8.4715,41.3458,-8.4715,41.3458
848,-8.4715,41.3459,-8.4715,41.3459
849,-8.4718,41.3457,-8.4718,41.3457
850,-8.4729,41.3459,-8.4729,41.3459
851,-8.4745,41.3465,-8.4745,41.3465
852,-8.4753,41.3465,-8.4753,41.3465
853,-8.4757,41.3454,-8.4757,41.3454
854,-8.4761,41.3441,-8.4761,41.3441
855,-8.4751,41.3436,-8.4751,41.3436
856,-8.4739,41.3431,-8.4739,41.3431
857,-8.4728,41.3438,-8.4728,41.3438
858,-8.4721,41.3435,-8.4721,41.3435
859,-8.4710,41.3433,-8.4710,41.3433
860,-8.4695,41.3429,-8.4695,41.3429
861,-8.4680,41.3427,-8.4680,41.3427
862,-8.4678,41.3426,-8.4678,41.3426
863,-8.4678,41.3426,-8.4678,41.3426
864,-8.5396,41.2736,-8.5396,41.2736
865,-8.5378,41.2724,-8.5378,41.2724
866,-8.4678,41.3426,-8.4678,41.3426
867,-8.4678,41.3426,-8.4678,41.3426
868,-8.4676,41.3426,-8.4676,41.3426
869,-8.4662,41.3437,-8.4662,41.3437
870,-8.4639,41.3447,-8.4639,41.3447
871,-8.4623,41.3463,-8.4623,41.3463
872,-8.4606,41.3477,-8.4606,41.3477
873,-8.4583,41.3484,-8.4583,41.3484
874,-8.4568,41.3489,-8.4568,41.3489
875,-8.4549,41.3496,-8.4549,41.3496
876,-8.4529,41.3507,-8.4529,41.3507
877,-8.4509,41.3520,-8.4509,41.3520
878,-8.4496,41.3535,-8.4496,41.3535
879,-8.4480,41.3553,-8.4480,41.3553
880,-8.4462,41.3562,-8.4462,41.3562
881,-8.4453,41.3572,-8.4453,41.3572
882,-8.4454,41.3572,-8.4454,41.3572
883,-8.4454,41.3572,-8.4454,41.3572
884,-8.4449,41.3575,-8.4449,41.3575
885,-8.4436,41.3579,-8.4436,41.3579
886,-8.4418,41.3584,-8.4418,41.3584
887,-8.4395,41.3583,-8.4395,41.3583
888,-8.4371,41.3581,-8.4371,41.3581
889,-8.4346,41.3575,-8.4346,41.3575
890,-8.4321,41.3569,-8.4321,41.3569
891,-8.4299,41.3562,-8.4299,41.3562
892,-8.4282,41.3551,-8.4282,41.3551
893,-8.4260,41.3556,-8.4260,41.3556
894,-8.4236,41.3555,-8.4236,41.3555
895,-8.4212,41.3548,-8.4212,41.3548
896,-8.4191,41.3552,-8.4191,41.3552
897,-8.4169,41.3562,-8.4169,41.3562
898,-8.4143,41.3561,-8.4143,41.3561
899,-8.4120,41.3553,-8.4120,41.3553
900,-8.4100,41.3550,-8.4100,41.3550
901,-8.4089,41.3549,-8.4089,41.3549
902,-8.4072,41.3548,-8.4072,41.3548
903,-8.4059,41.3540,-8.4059,41.3540
904,-8.4044,41.3548,-8.4044,41.3548
905,-8.4023,41.3555,-8.4023,41.3555
906,-8.4005,41.3557,-8.4005,41.3557
907,-8.3988,41.3563,-8.3988,41.3563
908,-8.3971,41.3568,-8.3971,41.3568
909,-8.3960,41.3561,-8.3960,41.3561
910,-8.3945,41.3555,-8.3945,41.3555
911,-8.3926,41.3559,-8.3926,41.3559
912,-8.3919,41.3571,-8.3919,41.3571
913,-8.3904,41.3577,-8.3904,41.3577
914,-8.3897,41.3565,-8.3897,41.3565
915,-8.3888,41.3550,-8.3888,41.3550
916,-8.3878,41.3535,-8.3878,41.3535
917,-8.3866,41.3525,-8.3866,41.3525
918,-8.3856,41.3512,-8.3856,41.3512
919,-8.3857,41.3496,-8.3857,41.3496
920,-8.3862,41.3480,-8.3862,41.3480
921,-8.3848,41.3466,-8.3848,41.3466
922,-8.3831,41.3458,-8.3831,41.3458
923,-8.3819,41.3449,-8.3819,41.3449
924,-8.3808,41.3447,-8.3808,41.3447
925,-8.3795,41.3446,-8.3795,41.3446
926,-8.3795,41.3447,-8.3795,41.3447
927,-8.3796,41.3447,-8.3796,41.3447
928,-8.3796,41.3447,-8.3796,41.3447
929,-8.3796,41.3447,-8.3796,41.3447
930,-8.3796,41.3447,-8.3796,41.3447
931,-8.3796,41.3447,-8.3796,41.3447
932,-8.3796,41.3447,-8.3796,41.3447
933,-8.3796,41.3447,-8.3796,41.3447
934,-8.3795,41.3448,-8.3795,41.3448
935,-8.3796,41.3448,-8.3796,41.3448
936,-8.3795,41.3448,-8.3795,41.3448
937,-8.3795,41.3447,-8.3795,41.3447
938,-8.3796,41.3447,-8.3796,41.3447
939,-8.3796,41.3447,-8.3796,41.3447
940,-8.3796,41.3447,-8.3796,41.3447
941,-8.3796,41.3447,-8.3796,41.3447
942,-8.3796,41.3447,-8.3796,41.3447
943,-8.3796,41.3447,-8.3796,41.3447
944,-8.3796,41.3447,-8.3796,41.3447
945,-8.3796,41.3447,-8.3796,41.3447
946,-8.3796,41.3447,-8.3796,41.3447
947,-8.3796,41.3447,-8.3796,41.3447
948,-8.3796,41.3447,-8.3796,41.3447
949,-8.3796,41.3447,-8.3796,41.3447
950,-8.3796,41.3447,-8.3796,41.3447
951,-8.3796,41.3447,-8.3796,41.3447
952,-8.3796,41.3447,-8.3796,41.3447
953,-8.3796,41.3447,-8.3796,41.3447
954,-8.3796,41.3447,-8.3796,41.3447
955,-8.3796,41.3447,-8.3796,41.3447
956,-8.3796,41.3447,-8.3796,41.3447
957,-8.3797,41.3447,-8.3797,41.3447
958,-8.3796,41.3448,-8.3796,41.3448
959,-8.3797,41.3448,-8.3797,41.3448
960,-8.3797,41.3448,-8.3797,41.3448
961,-8.3797,41.3448,-8.3797,41.3448
962,-8.3797,41.3448,-8.3797,41.3448
963,-8.3797,41.3448,-8.3797,41.3448
964,-8.3797,41.3448,-8.3797,41.3448
965,-8.3796,41.3448,-8.3796,41.3448
966,-8.3796,41.3448,-8.3796,41.3448
967,-8.3796,41.3448,-8.3796,41.3448
968,-8.3796,41.3448,-8.3796,41.3448
969,-8.3796,41.3447,-8.3796,41.3447
970,-8.3796,41.3447,-8.3796,41.3447
971,-8.3796,41.3447,-8.3796,41.3447
972,-8.3796,41.3447,-8.3796,41.3447
973,-8.3796,41.3447,-8.3796,41.3447
974,-8.3796,41.3447,-8.3796,41.3447
975,-8.3796,41.3448,-8.3796,41.3448
976,-8.3796,41.3448,-8.3796,41.3448
977,-8.3796,41.3448,-8.3796,41.3448
978,-8.3796,41.3448,-8.3796,41.3448
979,-8.3796,41.3448,-8.3796,41.3448
980,-8.3796,41.3448,-8.3796,41.3448
981,-8.3796,41.3448,-8.3796,41.3448
982,-8.3796,41.3448,-8.3796,41.3448
983,-8.3796,41.3448,-8.3796,41.3448
984,-8.3796,41.3448,-8.3796,41.3448
985,-8.3796,41.3448,-8.3796,41.3448
986,-8.3796,41.3447,-8.3796,41.3447
987,-8.3796,41.3447,-8.3796,41.3447
988,-8.3796,41.3447,-8.3796,41.3447
989,-8.3796,41.3447,-8.3796,41.3447
990,-8.3796,41.3447,-8.3796,41.3447
991,-8.3796,41.3447,-8.3796,41.3447
992,-8.3796,41.3447,-8.3796,41.3447
993,-8.3796,41.3447,-8.3796,41.3447
994,-8.3796,41.3447,-8.3796,41.3447
995,-8.3796,41.3447,-8.3796,41.3447
996,-8.3796,41.3447,-8.3796,41.3447
997,-8.3796,41.3447,-8.3796,41.3447
998,-8.3796,41.3447,-8.3796,41.3447
999,-8.3796,41.3447,-8.3796,41.3447
1000,-8.3796,41.3447,-8.3796,41.3447
1001,-8.3796,41.3447,-8.3796,41.3447
1002,-8.3796,41.3447,-8.3796,41.3447
1003,-8.3796,41.3447,-8.3796,41.3447
1004,-8.3796,41.3447,-8.3796,41.3447
1005,-8.3796,41.3447,-8.3796,41.3447
1006,-8.3796,41.3448,-8.3796,41.3448
1007,-8.3796,41.3448,-8.3796,41.3448
1008,-8.3796,41.3448,-8.3796,41.3448
1009,-8.3796,41.3448,-8.3796,41.3448
1010,-8.3796,41.3448,-8.3796,41.3448
1011,-8.3796,41.3448,-8.3796,41.3448
1012,-8.3796,41.3448,-8.3796,41.3448
1013,-8.3796,41.3447,-8.3796,41.3447
1014,-8.3796,41.3447,-8.3796,41.3447
1015,-8.3796,41.3447,-8.3796,41.3447
1016,-8.3796,41.3447,-8.3796,41.3447
1017,-8.3796,41.3447,-8.3796,41.3447
1018,-8.3796,41.3447,-8.3796,41.3447
1019,-8.3801,41.3448,-8.3801,41.3448
1020,-8.3808,41.3448,-8.3808,41.3448
1021,-8.3809,41.3446,-8.3809,41.3446
1022,-8.3809,41.3446,-8.3809,41.3446
1023,-8.3809,41.3446,-8.3809,41.3446
1024,-8.3809,41.3447,-8.3809,41.3447
1025,-8.3809,41.3446,-8.3809,41.3446
1026,-8.3809,41.3446,-8.3809,41.3446
1027,-8.3809,41.3446,-8.3809,41.3446
1028,-8.3809,41.3447,-8.3809,41.3447
1029,-8.3809,41.3447,-8.3809,41.3447
1030,-8.3809,41.3447,-8.3809,41.3447
1031,-8.3809,41.3447,-8.3809,41.3447
1032,-8.3809,41.3446,-8.3809,41.3446
1033,-8.3809,41.3446,-8.3809,41.3446
1034,-8.3809,41.3446,-8.3809,41.3446
1035,-8.3810,41.3446,-8.3810,41.3446
1036,-8.3818,41.3449,-8.3818,41.3449
1037,-8.3828,41.3454,-8.3828,41.3454
1038,-8.3838,41.3463,-8.3838,41.3463
1039,-8.3852,41.3471,-8.3852,41.3471
1040,-8.3861,41.3483,-8.3861,41.3483
1041,-8.3856,41.3499,-8.3856,41.3499
1042,-8.3856,41.3514,-8.3856,41.3514
1043,-8.3865,41.3524,-8.3865,41.3524
1044,-8.3874,41.3535,-8.3874,41.3535
1045,-8.3886,41.3545,-8.3886,41.3545
1046,-8.3894,41.3560,-8.3894,41.3560
1047,-8.3898,41.3574,-8.3898,41.3574
1048,-8.3915,41.3575,-8.3915,41.3575
1049,-8.3925,41.3561,-8.3925,41.3561
1050,-8.3943,41.3554,-8.3943,41.3554
1051,-8.3959,41.3561,-8.3959,41.3561
1052,-8.3967,41.3570,-8.3967,41.3570
1053,-8.3987,41.3565,-8.3987,41.3565
1054,-8.4003,41.3558,-8.4003,41.3558
1055,-8.4027,41.3554,-8.4027,41.3554
1056,-8.4048,41.3546,-8.4048,41.3546
1057,-8.4062,41.3542,-8.4062,41.3542
1058,-8.4073,41.3549,-8.4073,41.3549
1059,-8.4072,41.3549,-8.4072,41.3549
1060,-8.4060,41.3553,-8.4060,41.3553
1061,-8.4037,41.3559,-8.4037,41.3559
1062,-8.4026,41.3573,-8.4026,41.3573
1063,-8.4019,41.3590,-8.4019,41.3590
1064,-8.4005,41.3601,-8.4005,41.3601
1065,-8.4001,41.3616,-8.4001,41.3616
1066,-8.3985,41.3630,-8.3985,41.3630
1067,-8.3962,41.3641,-8.3962,41.3641
1068,-8.3936,41.3652,-8.3936,41.3652
1069,-8.3913,41.3663,-8.3913,41.3663
1070,-8.3891,41.3672,-8.3891,41.3672
1071,-8.3868,41.3681,-8.3868,41.3681
1072,-8.3843,41.3689,-8.3843,41.3689
1073,-8.3821,41.3692,-8.3821,41.3692
1074,-8.3805,41.3703,-8.3805,41.3703
1075,-8.3779,41.3708,-8.3779,41.3708
1076,-8.3765,41.3715,-8.3765,41.3715
1077,-8.3747,41.3704,-8.3747,41.3704
1078,-8.3723,41.3710,-8.3723,41.3710
1079,-8.3700,41.3722,-8.3700,41.3722
1080,-8.3686,41.3729,-8.3686,41.3729
1081,-8.3684,41.3730,-8.3684,41.3730
1082,-8.3666,41.3733,-8.3666,41.3733
1083,-8.3647,41.3724,-8.3647,41.3724
1084,-8.3635,41.3736,-8.3635,41.3736
1085,-8.3617,41.3732,-8.3617,41.3732
1086,-8.3607,41.3719,-8.3607,41.3719
1087,-8.3591,41.3729,-8.3591,41.3729
1088,-8.3576,41.3744,-8.3576,41.3744
1089,-8.3558,41.3755,-8.3558,41.3755
1090,-8.3538,41.3762,-8.3538,41.3762
1091,-8.3525,41.3780,-8.3525,41.3780
1092,-8.3512,41.3799,-8.3512,41.3799
1093,-8.3499,41.3817,-8.3499,41.3817
1094,-8.3480,41.3831,-8.3480,41.3831
1095,-8.3458,41.3841,-8.3458,41.3841
1096,-8.3445,41.3855,-8.3445,41.3855
1097,-8.3428,41.3869,-8.3428,41.3869
1098,-8.3403,41.3873,-8.3403,41.3873
1099,-8.3385,41.3883,-8.3385,41.3883
1100,-8.3383,41.3885,-8.3383,41.3885
1101,-8.3377,41.3888,-8.3377,41.3888
1102,-8.3358,41.3900,-8.3358,41.3900
1103,-8.3336,41.3915,-8.3336,41.3915
1104,-8.3315,41.3929,-8.3315,41.3929
1105,-8.3292,41.3944,-8.3292,41.3944
1106,-8.3270,41.3958,-8.3270,41.3958
1107,-8.3253,41.3973,-8.3253,41.3973
1108,-8.3236,41.3992,-8.3236,41.3992
1109,-8.3227,41.4003,-8.3227,41.4003
1110,-8.3228,41.4018,-8.3228,41.4018
1111,-8.3231,41.4037,-8.3231,41.4037
1112,-8.3233,41.4056,-8.3233,41.4056
1113,-8.3234,41.4075,-8.3234,41.4075
1114,-8.3224,41.4092,-8.3224,41.4092
1115,-8.3203,41.4102,-8.3203,41.4102
1116,-8.3184,41.4111,-8.3184,41.4111
1117,-8.3164,41.4121,-8.3164,41.4121
1118,-8.3143,41.4134,-8.3143,41.4134
1119,-8.3124,41.4143,-8.3124,41.4143
1120,-8.3103,41.4153,-8.3103,41.4153
1121,-8.3081,41.4162,-8.3081,41.4162
1122,-8.3062,41.4172,-8.3062,41.4172
1123,-8.3045,41.4185,-8.3045,41.4185
1124,-8.3030,41.4197,-8.3030,41.4197
1125,-8.3017,41.4209,-8.3017,41.4209
1126,-8.3008,41.4223,-8.3008,41.4223
1127,-8.3007,41.4231,-8.3007,41.4231
1128,-8.3023,41.4239,-8.3023,41.4239
1129,-8.3047,41.4256,-8.3047,41.4256
1130,-8.3046,41.4271,-8.3046,41.4271
1131,-8.3034,41.4282,-8.3034,41.4282
1132,-8.3024,41.4294,-8.3024,41.4294
1133,-8.3022,41.4301,-8.3022,41.4301
1134,-8.3020,41.4313,-8.3020,41.4313
1135,-8.3017,41.4332,-8.3017,41.4332
1136,-8.3015,41.4347,-8.3015,41.4347
1137,-8.3003,41.4356,-8.3003,41.4356
1138,-8.2982,41.4360,-8.2982,41.4360
1139,-8.2972,41.4356,-8.2972,41.4356
1140,-8.2961,41.4356,-8.2961,41.4356
1141,-8.2956,41.4356,-8.2956,41.4356
1142,-8.2944,41.4355,-8.2944,41.4355
1143,-8.2936,41.4353,-8.2936,41.4353
1144,-8.2927,41.4345,-8.2927,41.4345
1145,-8.2923,41.4351,-8.2923,41.4351
1146,-8.2917,41.4369,-8.2917,41.4369
1147,-8.2909,41.4387,-8.2909,41.4387
1148,-8.2901,41.4406,-8.2901,41.4406
1149,-8.2903,41.4415,-8.2903,41.4415
1150,-8.2912,41.4421,-8.2912,41.4421
1151,-8.2915,41.4423,-8.2915,41.4423
1152,-8.2918,41.4427,-8.2918,41.4427
1153,-8.2914,41.4438,-8.2914,41.4438
1154,-8.2905,41.4442,-8.2905,41.4442
1155,-8.2905,41.4450,-8.2905,41.4450
1156,-8.2909,41.4454,-8.2909,41.4454
1157,-8.2923,41.4453,-8.2923,41.4453
1158,-8.2940,41.4458,-8.2940,41.4458
1159,-8.2937,41.4465,-8.2937,41.4465
1160,-8.2935,41.4476,-8.2935,41.4476
1161,-8.2933,41.4495,-8.2933,41.4495
1162,-8.2937,41.4502,-8.2937,41.4502
1163,-8.2951,41.4512,-8.2951,41.4512
1164,-8.2960,41.4527,-8.2960,41.4527
1165,-8.2962,41.4546,-8.2962,41.4546
1166,-8.2962,41.4558,-8.2962,41.4558
1167,-8.2962,41.4568,-8.2962,41.4568
1168,-8.2947,41.4585,-8.2947,41.4585
1169,-8.2927,41.4600,-8.2927,41.4600
1170,-8.2904,41.4602,-8.2904,41.4602
1171,-8.2885,41.4602,-8.2885,41.4602
1172,-8.2872,41.4606,-8.2872,41.4606
1173,-8.2851,41.4617,-8.2851,41.4617
1174,-8.2833,41.4630,-8.2833,41.4630
1175,-8.2814,41.4638,-8.2814,41.4638
1176,-8.2799,41.4651,-8.2799,41.4651
1177,-8.2781,41.4668,-8.2781,41.4668
1178,-8.2767,41.4684,-8.2767,41.4684
1179,-8.2749,41.4697,-8.2749,41.4697
1180,-8.2727,41.4711,-8.2727,41.4711
1181,-8.2714,41.4729,-8.2714,41.4729
1182,-8.2701,41.4742,-8.2701,41.4742
1183,-8.2688,41.4761,-8.2688,41.4761
1184,-8.2665,41.4775,-8.2665,41.4775
1185,-8.2656,41.4789,-8.2656,41.4789
1186,-8.2656,41.4791,-8.2656,41.4791
1187,-8.2656,41.4791,-8.2656,41.4791
1188,-8.2656,41.4791,-8.2656,41.4791
1189,-8.2656,41.4791,-8.2656,41.4791
1190,-8.2656,41.4791,-8.2656,41.4791
1191,-8.2656,41.4791,-8.2656,41.4791
1192,-8.2654,41.4796,-8.2654,41.4796
1193,-8.2646,41.4811,-8.2646,41.4811
1194,-8.2627,41.4819,-8.2627,41.4819
1195,-8.2608,41.4826,-8.2608,41.4826
1196,-8.2596,41.4823,-8.2596,41.4823
1197,-8.2586,41.4825,-8.2586,41.4825
1198,-8.2582,41.4823,-8.2582,41.4823
1199,-8.2585,41.4822,-8.2585,41.4822
1200,-8.2586,41.4820,-8.2586,41.4820
1201,-8.2587,41.4820,-8.2587,41.4820
1202,-8.2587,41.4820,-8.2587,41.4820
1203,-8.2586,41.4819,-8.2586,41.4819
1204,-8.2587,41.4820,-8.2587,41.4820
1205,-8.2587,41.4820,-8.2587,41.4820
1206,-8.2588,41.4821,-8.2588,41.4821
1207,-8.2589,41.4821,-8.2589,41.4821
1208,-8.2588,41.4820,-8.2588,41.4820
1209,-8.2588,41.4820,-8.2588,41.4820
1210,-8.2589,41.4820,-8.2589,41.4820
1211,-8.2588,41.4820,-8.2588,41.4820
1212,-8.2588,41.4820,-8.2588,41.4820
1213,-8.2588,41.4820,-8.2588,41.4820
1214,-8.2588,41.4820,-8.2588,41.4820
1215,-8.2588,41.4820,-8.2588,41.4820
1216,-8.2588,41.4820,-8.2588,41.4820
1217,-8.2588,41.4820,-8.2588,41.4820
1218,-8.2588,41.4820,-8.2588,41.4820
1219,-8.2588,41.4820,-8.2588,41.4820
1220,-8.2588,41.4819,-8.2588,41.4819
1221,-8.2587,41.4819,-8.2587,41.4819
1222,-8.2587,41.4819,-8.2587,41.4819
1223,-8.2587,41.4819,-8.2587,41.4819
1224,-8.2587,41.4819,-8.2587,41.4819
1225,-8.2587,41.4819,-8.2587,41.4819
1226,-8.2587,41.4819,-8.2587,41.4819
1227,-8.2587,41.4819,-8.2587,41.4819
1228,-8.2587,41.4819,-8.2587,41.4819
1229,-8.2587,41.4818,-8.2587,41.4818
1230,-8.2587,41.4818,-8.2587,41.4818
1231,-8.2587,41.4818,-8.2587,41.4818
1232,-8.2587,41.4817,-8.2587,41.4817
1233,-8.2587,41.4818,-8.2587,41.4818
1234,-8.2587,41.4818,-8.2587,41.4818
1235,-8.2587,41.4818,-8.2587,41.4818
1236,-8.2587,41.4818,-8.2587,41.4818
1237,-8.2587,41.4818,-8.2587,41.4818
1238,-8.2587,41.4818,-8.2587,41.4818
1239,-8.2587,41.4819,-8.2587,41.4819
1240,-8.2587,41.4819,-8.2587,41.4819
1241,-8.2587,41.4819,-8.2587,41.4819
1242,-8.2587,41.4819,-8.2587,41.4819
1243,-8.2587,41.4819,-8.2587,41.4819
1244,-8.2587,41.4819,-8.2587,41.4819
1245,-8.2587,41.4819,-8.2587,41.4819
1246,-8.2587,41.4819,-8.2587,41.4819
1247,-8.2587,41.4818,-8.2587,41.4818
1248,-8.2587,41.4818,-8.2587,41.4818
1249,-8.2587,41.4819,-8.2587,41.4819
1250,-8.2586,41.4816,-8.2586,41.4816
1251,-8.2581,41.4817,-8.2581,41.4817
1252,-8.2580,41.4819,-8.2580,41.4819
1253,-8.2580,41.4821,-8.2580,41.4821
1254,-8.2568,41.4834,-8.2568,41.4834
1255,-8.2560,41.4830,-8.2560,41.4830
1256,-8.2549,41.4834,-8.2549,41.4834
1257,-8.2541,41.4838,-8.2541,41.4838
1258,-8.2543,41.4837,-8.2543,41.4837
1259,-8.2553,41.4833,-8.2553,41.4833
1260,-8.2561,41.4831,-8.2561,41.4831
1261,-8.2554,41.4827,-8.2554,41.4827
1262,-8.2547,41.4828,-8.2547,41.4828
1263,-8.2545,41.4825,-8.2545,41.4825
1264,-8.2545,41.4817,-8.2545,41.4817
1265,-8.2546,41.4815,-8.2546,41.4815
1266,-8.2545,41.4816,-8.2545,41.4816
1267,-8.2544,41.4820,-8.2544,41.4820
1268,-8.2546,41.4823,-8.2546,41.4823
1269,-8.2545,41.4823,-8.2545,41.4823
1270,-8.2547,41.4828,-8.2547,41.4828
1271,-8.2561,41.4829,-8.2561,41.4829
1272,-8.2567,41.4835,-8.2567,41.4835
1273,-8.2573,41.4833,-8.2573,41.4833
1274,-8.2571,41.4837,-8.2571,41.4837
1275,-8.2560,41.4846,-8.2560,41.4846
1276,-8.2553,41.4855,-8.2553,41.4855
1277,-8.2550,41.4857,-8.2550,41.4857
1278,-8.2549,41.4857,-8.2549,41.4857
1279,-8.2549,41.4857,-8.2549,41.4857
1280,-8.2549,41.4857,-8.2549,41.4857
1281,-8.2549,41.4857,-8.2549,41.4857
1282,-8.2549,41.4857,-8.2549,41.4857
1283,-8.2549,41.4857,-8.2549,41.4857
1284,-8.2549,41.4857,-8.2549,41.4857
1285,-8.2549,41.4856,-8.2549,41.4856
1286,-8.2549,41.4857,-8.2549,41.4857
1287,-8.2549,41.4857,-8.2549,41.4857
1288,-8.2548,41.4857,-8.2548,41.4857
1289,-8.2548,41.4857,-8.2548,41.4857
1290,-8.2549,41.4857,-8.2549,41.4857
1291,-8.2549,41.4857,-8.2549,41.4857
1292,-8.2549,41.4857,-8.2549,41.4857
1293,-8.2548,41.4857,-8.2548,41.4857
1294,-8.2551,41.4857,-8.2551,41.4857
1295,-8.2555,41.4853,-8.2555,41.4853
1296,-8.2561,41.4845,-8.2561,41.4845
1297,-8.2572,41.4837,-8.2572,41.4837
1298,-8.2582,41.4824,-8.2582,41.4824
1299,-8.2587,41.4826,-8.2587,41.4826
1300,-8.2599,41.4822,-8.2599,41.4822
1301,-8.2613,41.4824,-8.2613,41.4824
1302,-8.2629,41.4817,-8.2629,41.4817
1303,-8.2646,41.4809,-8.2646,41.4809
1304,-8.2655,41.4792,-8.2655,41.4792
1305,-8.2660,41.4777,-8.2660,41.4777
1306,-8.2679,41.4764,-8.2679,41.4764
1307,-8.2694,41.4753,-8.2694,41.4753
1308,-8.2705,41.4740,-8.2705,41.4740
1309,-8.2715,41.4727,-8.2715,41.4727
1310,-8.2719,41.4716,-8.2719,41.4716
1311,-8.2735,41.4704,-8.2735,41.4704
1312,-8.2753,41.4695,-8.2753,41.4695
1313,-8.2767,41.4684,-8.2767,41.4684
1314,-8.2779,41.4669,-8.2779,41.4669
1315,-8.2794,41.4656,-8.2794,41.4656
1316,-8.2794,41.4656,-8.2794,41.4656
1317,-8.2794,41.4656,-8.2794,41.4656
1318,-8.2794,41.4656,-8.2794,41.4656
1319,-8.2794,41.4656,-8.2794,41.4656
1320,-8.2794,41.4656,-8.2794,41.4656
1321,-8.2794,41.4656,-8.2794,41.4656
1322,-8.2794,41.4656,-8.2794,41.4656
1323,-8.3796,41.3447,-8.3796,41.3447
1324,-8.3796,41.3447,-8.3796,41.3447
1325,-8.2794,41.4656,-8.2794,41.4656
1326,-8.2794,41.4657,-8.2794,41.4657
1327,-8.2794,41.4657,-8.2794,41.4657
1328,-8.2794,41.4656,-8.2794,41.4656
1329,-8.2803,41.4649,-8.2803,41.4649
1330,-8.2815,41.4637,-8.2815,41.4637
1331,-8.2831,41.4630,-8.2831,41.4630
1332,-8.2849,41.4620,-8.2849,41.4620
1333,-8.2866,41.4608,-8.2866,41.4608
1334,-8.2886,41.4603,-8.2886,41.4603
1335,-8.2906,41.4601,-8.2906,41.4601
1336,-8.2926,41.4600,-8.2926,41.4600
1337,-8.2940,41.4590,-8.2940,41.4590
1338,-8.2957,41.4577,-8.2957,41.4577
1339,-8.2963,41.4563,-8.2963,41.4563
1340,-8.2962,41.4559,-8.2962,41.4559
1341,-8.2952,41.4559,-8.2952,41.4559
1342,-8.2959,41.4559,-8.2959,41.4559
1343,-8.2963,41.4558,-8.2963,41.4558
1344,-8.2959,41.4532,-8.2959,41.4532
1345,-8.2957,41.4516,-8.2957,41.4516
1346,-8.2942,41.4505,-8.2942,41.4505
1347,-8.2935,41.4495,-8.2935,41.4495
1348,-8.2933,41.4498,-8.2933,41.4498
1349,-8.2944,41.4497,-8.2944,41.4497
1350,-8.2959,41.4501,-8.2959,41.4501
1351,-8.2965,41.4494,-8.2965,41.4494
1352,-8.2958,41.4490,-8.2958,41.4490
1353,-8.2955,41.4479,-8.2955,41.4479
1354,-8.2952,41.4467,-8.2952,41.4467
1355,-8.2940,41.4465,-8.2940,41.4465
1356,-8.2936,41.4468,-8.2936,41.4468
1357,-8.2924,41.4473,-8.2924,41.4473
1358,-8.2920,41.4469,-8.2920,41.4469
1359,-8.2920,41.4469,-8.2920,41.4469
1360,-8.2920,41.4469,-8.2920,41.4469
1361,-8.2919,41.4468,-8.2919,41.4468
1362,-8.2919,41.4468,-8.2919,41.4468
1363,-8.2918,41.4468,-8.2918,41.4468
1364,-8.2918,41.4468,-8.2918,41.4468
1365,-8.2918,41.4468,-8.2918,41.4468
1366,-8.2918,41.4468,-8.2918,41.4468
1367,-8.2918,41.4468,-8.2918,41.4468
1368,-8.2918,41.4468,-8.2918,41.4468
1369,-8.2918,41.4468,-8.2918,41.4468
1370,-8.2918,41.4468,-8.2918,41.4468
1371,-8.2918,41.4467,-8.2918,41.4467
1372,-8.2918,41.4467,-8.2918,41.4467
1373,-8.2918,41.4467,-8.2918,41.4467
1374,-8.2918,41.4468,-8.2918,41.4468
1375,-8.2918,41.4468,-8.2918,41.4468
1376,-8.2918,41.4468,-8.2918,41.4468
1377,-8.2918,41.4468,-8.2918,41.4468
1378,-8.2918,41.4468,-8.2918,41.4468
1379,-8.2918,41.4467,-8.2918,41.4467
1380,-8.2918,41.4467,-8.2918,41.4467
1381,-8.2919,41.4467,-8.2919,41.4467
1382,-8.2918,41.4467,-8.2918,41.4467
1383,-8.2924,41.4464,-8.2924,41.4464
1384,-8.2930,41.4459,-8.2930,41.4459
1385,-8.2933,41.4455,-8.2933,41.4455
1386,-8.2928,41.4453,-8.2928,41.4453
1387,-8.2918,41.4452,-8.2918,41.4452
1388,-8.2912,41.4449,-8.2912,41.4449
1389,-8.2912,41.4449,-8.2912,41.4449
1390,-8.2912,41.4445,-8.2912,41.4445
1391,-8.2916,41.4432,-8.2916,41.4432
1392,-8.2918,41.4423,-8.2918,41.4423
1393,-8.2920,41.4421,-8.2920,41.4421
1394,-8.2920,41.4422,-8.2920,41.4422
1395,-8.2920,41.4422,-8.2920,41.4422
1396,-8.2920,41.4421,-8.2920,41.4421
1397,-8.2921,41.4422,-8.2921,41.4422
1398,-8.2921,41.4421,-8.2921,41.4421
1399,-8.2921,41.4421,-8.2921,41.4421
1400,-8.2921,41.4421,-8.2921,41.4421
1401,-8.2920,41.4422,-8.2920,41.4422
1402,-8.2920,41.4422,-8.2920,41.4422
1403,-8.2920,41.4422,-8.2920,41.4422
1404,-8.2920,41.4421,-8.2920,41.4421
1405,-8.2920,41.4421,-8.2920,41.4421
1406,-8.2920,41.4421,-8.2920,41.4421
1407,-8.2920,41.4421,-8.2920,41.4421
1408,-8.2920,41.4421,-8.2920,41.4421
1409,-8.2920,41.4421,-8.2920,41.4421
1410,-8.2920,41.4421,-8.2920,41.4421
1411,-8.2920,41.4422,-8.2920,41.4422
1412,-8.2920,41.4422,-8.2920,41.4422
1413,-8.2920,41.4422,-8.2920,41.4422
1414,-8.2920,41.4422,-8.2920,41.4422
1415,-8.2920,41.4422,-8.2920,41.4422
1416,-8.2920,41.4422,-8.2920,41.4422
1417,-8.2920,41.4421,-8.2920,41.4421
1418,-8.2920,41.4421,-8.2920,41.4421
1419,-8.2921,41.4421,-8.2921,41.4421
1420,-8.2921,41.4421,-8.2921,41.4421
1421,-8.2921,41.4421,-8.2921,41.4421
1422,-8.2921,41.4421,-8.2921,41.4421
1423,-8.2921,41.4422,-8.2921,41.4422
1424,-8.2920,41.4422,-8.2920,41.4422
1425,-8.2920,41.4422,-8.2920,41.4422
1426,-8.2920,41.4422,-8.2920,41.4422
1427,-8.2921,41.4422,-8.2921,41.4422
1428,-8.2921,41.4421,-8.2921,41.4421
1429,-8.2921,41.4421,-8.2921,41.4421
1430,-8.2921,41.4421,-8.2921,41.4421
1431,-8.2921,41.4422,-8.2921,41.4422
1432,-8.2921,41.4423,-8.2921,41.4423
1433,-8.2921,41.4423,-8.2921,41.4423
1434,-8.2921,41.4423,-8.2921,41.4423
1435,-8.2921,41.4422,-8.2921,41.4422
1436,-8.2921,41.4422,-8.2921,41.4422
1437,-8.2921,41.4422,-8.2921,41.4422
1438,-8.2921,41.4422,-8.2921,41.4422
1439,-8.2921,41.4422,-8.2921,41.4422
1440,-8.2921,41.4422,-8.2921,41.4422
1441,-8.2921,41.4422,-8.2921,41.4422
1442,-8.2921,41.4422,-8.2921,41.4422
1443,-8.2921,41.4422,-8.2921,41.4422
1444,-8.2921,41.4422,-8.2921,41.4422
1445,-8.2921,41.4422,-8.2921,41.4422
1446,-8.2921,41.4422,-8.2921,41.4422
1447,-8.2921,41.4422,-8.2921,41.4422
1448,-8.2921,41.4422,-8.2921,41.4422
1449,-8.2921,41.4421,-8.2921,41.4421
1450,-8.2921,41.4421,-8.2921,41.4421
1451,-8.2923,41.4419,-8.2923,41.4419
1452,-8.2930,41.4414,-8.2930,41.4414
1453,-8.2941,41.4412,-8.2941,41.4412
1454,-8.2951,41.4415,-8.2951,41.4415
1455,-8.2954,41.4420,-8.2954,41.4420
1456,-8.2954,41.4420,-8.2954,41.4420
1457,-8.2955,41.4425,-8.2955,41.4425
1458,-8.2952,41.4431,-8.2952,41.4431
1459,-8.2951,41.4433,-8.2951,41.4433
1460,-8.2949,41.4437,-8.2949,41.4437
1461,-8.2944,41.4445,-8.2944,41.4445
1462,-8.2949,41.4445,-8.2949,41.4445
1463,-8.2959,41.4441,-8.2959,41.4441
1464,-8.2964,41.4438,-8.2964,41.4438
1465,-8.2966,41.4438,-8.2966,41.4438
1466,-8.2967,41.4437,-8.2967,41.4437
1467,-8.2969,41.4437,-8.2969,41.4437
1468,-8.2973,41.4442,-8.2973,41.4442
1469,-8.2977,41.4442,-8.2977,41.4442
1470,-8.2991,41.4444,-8.2991,41.4444
1471,-8.2994,41.4444,-8.2994,41.4444
1472,-8.2994,41.4444,-8.2994,41.4444
1473,-8.2995,41.4444,-8.2995,41.4444
1474,-8.3016,41.4448,-8.3016,41.4448
1475,-8.3023,41.4449,-8.3023,41.4449
1476,-8.3043,41.4444,-8.3043,41.4444
1477,-8.3054,41.4443,-8.3054,41.4443
1478,-8.3073,41.4441,-8.3073,41.4441
1479,-8.3087,41.4438,-8.3087,41.4438
1480,-8.3092,41.4434,-8.3092,41.4434
1481,-8.3099,41.4427,-8.3099,41.4427
1482,-8.3113,41.4419,-8.3113,41.4419
1483,-8.3128,41.4406,-8.3128,41.4406
1484,-8.3144,41.4395,-8.3144,41.4395
1485,-8.3158,41.4390,-8.3158,41.4390
1486,-8.3156,41.4381,-8.3156,41.4381
1487,-8.3158,41.4375,-8.3158,41.4375
1488,-8.3172,41.4376,-8.3172,41.4376
1489,-8.3189,41.4388,-8.3189,41.4388
1490,-8.3209,41.4400,-8.3209,41.4400
1491,-8.3239,41.4395,-8.3239,41.4395
1492,-8.3270,41.4395,-8.3270,41.4395
1493,-8.3297,41.4399,-8.3297,41.4399
1494,-8.3318,41.4410,-8.3318,41.4410
1495,-8.3328,41.4421,-8.3328,41.4421
1496,-8.3348,41.4436,-8.3348,41.4436
1497,-8.3360,41.4444,-8.3360,41.4444
1498,-8.3380,41.4458,-8.3380,41.4458
1499,-8.3396,41.4464,-8.3396,41.4464
1500,-8.3415,41.4470,-8.3415,41.4470
1501,-8.3440,41.4478,-8.3440,41.4478
1502,-8.3448,41.4492,-8.3448,41.4492
1503,-8.3457,41.4497,-8.3457,41.4497
1504,-8.3478,41.4490,-8.3478,41.4490
1505,-8.3496,41.4477,-8.3496,41.4477
1506,-8.3517,41.4483,-8.3517,41.4483
1507,-8.3527,41.4481,-8.3527,41.4481
1508,-8.3527,41.4481,-8.3527,41.4481
1509,-8.3528,41.4481,-8.3528,41.4481
1510,-8.3545,41.4476,-8.3545,41.4476
1511,-8.3568,41.4469,-8.3568,41.4469
1512,-8.3593,41.4461,-8.3593,41.4461
1513,-8.3616,41.4453,-8.3616,41.4453
1514,-8.3627,41.4449,-8.3627,41.4449
1515,-8.3652,41.4441,-8.3652,41.4441
1516,-8.3679,41.4433,-8.3679,41.4433
1517,-8.3702,41.4433,-8.3702,41.4433
1518,-8.3720,41.4420,-8.3720,41.4420
1519,-8.3742,41.4427,-8.3742,41.4427
1520,-8.3746,41.4449,-8.3746,41.4449
1521,-8.3770,41.4451,-8.3770,41.4451
1522,-8.3786,41.4434,-8.3786,41.4434
1523,-8.3798,41.4424,-8.3798,41.4424
1524,-8.3799,41.4423,-8.3799,41.4423
1525,-8.3807,41.4418,-8.3807,41.4418
1526,-8.3824,41.4407,-8.3824,41.4407
1527,-8.3844,41.4399,-8.3844,41.4399
1528,-8.3863,41.4411,-8.3863,41.4411
1529,-8.3883,41.4418,-8.3883,41.4418
1530,-8.3908,41.4410,-8.3908,41.4410
1531,-8.3935,41.4401,-8.3935,41.4401
1532,-8.3960,41.4409,-8.3960,41.4409
1533,-8.3985,41.4420,-8.3985,41.4420
1534,-8.4012,41.4420,-8.4012,41.4420
1535,-8.4039,41.4412,-8.4039,41.4412
1536,-8.4065,41.4400,-8.4065,41.4400
1537,-8.4091,41.4388,-8.4091,41.4388
1538,-8.4106,41.4373,-8.4106,41.4373
1539,-8.4120,41.4360,-8.4120,41.4360
1540,-8.4141,41.4349,-8.4141,41.4349
1541,-8.4160,41.4340,-8.4160,41.4340
1542,-8.4168,41.4341,-8.4168,41.4341
1543,-8.4180,41.4341,-8.4180,41.4341
1544,-8.4183,41.4340,-8.4183,41.4340
1545,-8.4199,41.4332,-8.4199,41.4332
1546,-8.4214,41.4324,-8.4214,41.4324
1547,-8.4230,41.4315,-8.4230,41.4315
1548,-8.4247,41.4305,-8.4247,41.4305
1549,-8.4264,41.4296,-8.4264,41.4296
1550,-8.4282,41.4286,-8.4282,41.4286
1551,-8.4300,41.4276,-8.4300,41.4276
1552,-8.4317,41.4266,-8.4317,41.4266
1553,-8.4327,41.4260,-8.4327,41.4260
1554,-8.4343,41.4252,-8.4343,41.4252
1555,-8.4362,41.4242,-8.4362,41.4242
1556,-8.4378,41.4232,-8.4378,41.4232
1557,-8.4392,41.4225,-8.4392,41.4225
1558,-8.4408,41.4216,-8.4408,41.4216
1559,-8.4426,41.4206,-8.4426,41.4206
1560,-8.4443,41.4197,-8.4443,41.4197
1561,-8.4460,41.4188,-8.4460,41.4188
1562,-8.4482,41.4180,-8.4482,41.4180
1563,-8.4503,41.4173,-8.4503,41.4173
1564,-8.4526,41.4166,-8.4526,41.4166
1565,-8.4546,41.4158,-8.4546,41.4158
1566,-8.4568,41.4151,-8.4568,41.4151
1567,-8.4592,41.4146,-8.4592,41.4146
1568,-8.4613,41.4140,-8.4613,41.4140
1569,-8.4636,41.4136,-8.4636,41.4136
1570,-8.4659,41.4135,-8.4659,41.4135
1571,-8.4668,41.4151,-8.4668,41.4151
1572,-8.4687,41.4162,-8.4687,41.4162
1573,-8.4711,41.4156,-8.4711,41.4156
1574,-8.4733,41.4152,-8.4733,41.4152
1575,-8.4755,41.4162,-8.4755,41.4162
1576,-8.4781,41.4156,-8.4781,41.4156
1577,-8.4805,41.4161,-8.4805,41.4161
1578,-8.4821,41.4175,-8.4821,41.4175
1579,-8.4846,41.4176,-8.4846,41.4176
1580,-8.4863,41.4190,-8.4863,41.4190
1581,-8.4872,41.4209,-8.4872,41.4209
1582,-8.4877,41.4226,-8.4877,41.4226
1583,-8.4900,41.4224,-8.4900,41.4224
1584,-8.4922,41.4214,-8.4922,41.4214
1585,-8.4944,41.4204,-8.4944,41.4204
1586,-8.4966,41.4194,-8.4966,41.4194
1587,-8.4989,41.4183,-8.4989,41.4183
1588,-8.5009,41.4173,-8.5009,41.4173
1589,-8.5014,41.4170,-8.5014,41.4170
1590,-8.5015,41.4169,-8.5015,41.4169
1591,-8.5014,41.4169,-8.5014,41.4169
1592,-8.5016,41.4164,-8.5016,41.4164
1593,-8.5021,41.4158,-8.5021,41.4158
1594,-8.5016,41.4162,-8.5016,41.4162
1595,-8.5014,41.4164,-8.5014,41.4164
1596,-8.5015,41.4165,-8.5015,41.4165
1597,-8.5015,41.4165,-8.5015,41.4165
1598,-8.5014,41.4165,-8.5014,41.4165
1599,-8.5014,41.4165,-8.5014,41.4165
1600,-8.5014,41.4165,-8.5014,41.4165
1601,-8.5014,41.4165,-8.5014,41.4165
1602,-8.5015,41.4165,-8.5015,41.4165
1603,-8.5015,41.4165,-8.5015,41.4165
1604,-8.5015,41.4165,-8.5015,41.4165
1605,-8.5015,41.4165,-8.5015,41.4165
1606,-8.5015,41.4165,-8.5015,41.4165
1607,-8.5015,41.4165,-8.5015,41.4165
1608,-8.5014,41.4165,-8.5014,41.4165
1609,-8.5014,41.4165,-8.5014,41.4165
1610,-8.5014,41.4165,-8.5014,41.4165
1611,-8.5014,41.4165,-8.5014,41.4165
1612,-8.5014,41.4165,-8.5014,41.4165
1613,-8.5014,41.4165,-8.5014,41.4165
1614,-8.5014,41.4165,-8.5014,41.4165
1615,-8.5014,41.4165,-8.5014,41.4165
1616,-8.5014,41.4165,-8.5014,41.4165
1617,-8.5012,41.4169,-8.5012,41.4169
1618,-8.5003,41.4176,-8.5003,41.4176
1619,-8.5005,41.4175,-8.5005,41.4175
1620,-8.5016,41.4164,-8.5016,41.4164
1621,-8.5034,41.4152,-8.5034,41.4152
1622,-8.5058,41.4142,-8.5058,41.4142
1623,-8.5074,41.4139,-8.5074,41.4139
1624,-8.5089,41.4130,-8.5089,41.4130
1625,-8.5110,41.4122,-8.5110,41.4122
1626,-8.5127,41.4114,-8.5127,41.4114
1627,-8.5149,41.4105,-8.5149,41.4105
1628,-8.5166,41.4099,-8.5166,41.4099
1629,-8.5176,41.4094,-8.5176,41.4094
1630,-8.5184,41.4091,-8.5184,41.4091
1631,-8.5191,41.4088,-8.5191,41.4088
1632,-8.5201,41.4084,-8.5201,41.4084
1633,-8.5208,41.4083,-8.5208,41.4083
1634,-8.5220,41.4079,-8.5220,41.4079
1635,-8.5233,41.4074,-8.5233,41.4074
1636,-8.5241,41.4074,-8.5241,41.4074
1637,-8.5253,41.4072,-8.5253,41.4072
1638,-8.5251,41.4062,-8.5251,41.4062
1639,-8.5261,41.4057,-8.5261,41.4057
1640,-8.5271,41.4051,-8.5271,41.4051
1641,-8.5267,41.4043,-8.5267,41.4043
1642,-8.5269,41.4035,-8.5269,41.4035
1643,-8.5280,41.4026,-8.5280,41.4026
1644,-8.5295,41.4015,-8.5295,41.4015
1645,-8.5314,41.4007,-8.5314,41.4007
1646,-8.5333,41.4004,-8.5333,41.4004
1647,-8.5344,41.4003,-8.5344,41.4003
1648,-8.5343,41.4001,-8.5343,41.4001
1649,-8.5325,41.4005,-8.5325,41.4005
1650,-8.5302,41.4010,-8.5302,41.4010
1651,-8.5288,41.4019,-8.5288,41.4019
1652,-8.5281,41.4012,-8.5281,41.4012
1653,-8.5281,41.3999,-8.5281,41.3999
1654,-8.5268,41.3986,-8.5268,41.3986
1655,-8.5267,41.3973,-8.5267,41.3973
1656,-8.5265,41.3959,-8.5265,41.3959
1657,-8.5251,41.3958,-8.5251,41.3958
1658,-8.5232,41.3957,-8.5232,41.3957
1659,-8.5218,41.3955,-8.5218,41.3955
1660,-8.5224,41.3944,-8.5224,41.3944
1661,-8.5240,41.3925,-8.5240,41.3925
1662,-8.5269,41.3913,-8.5269,41.3913
1663,-8.5277,41.3891,-8.5277,41.3891
1664,-8.5291,41.3876,-8.5291,41.3876
1665,-8.5290,41.3871,-8.5290,41.3871
1666,-8.5284,41.3871,-8.5284,41.3871
1667,-8.5266,41.3885,-8.5266,41.3885
1668,-8.5231,41.3894,-8.5231,41.3894
1669,-8.5192,41.3901,-8.5192,41.3901
1670,-8.5168,41.3890,-8.5168,41.3890
1671,-8.5159,41.3909,-8.5159,41.3909
1672,-8.5183,41.3907,-8.5183,41.3907
1673,-8.5183,41.3880,-8.5183,41.3880
1674,-8.5176,41.3853,-8.5176,41.3853
1675,-8.5155,41.3852,-8.5155,41.3852
1676,-8.5121,41.3847,-8.5121,41.3847
1677,-8.5082,41.3837,-8.5082,41.3837
1678,-8.5045,41.3825,-8.5045,41.3825
1679,-8.5027,41.3802,-8.5027,41.3802
1680,-8.5023,41.3777,-8.5023,41.3777
1681,-8.5034,41.3754,-8.5034,41.3754
1682,-8.5033,41.3730,-8.5033,41.3730
1683,-8.5034,41.3700,-8.5034,41.3700
1684,-8.5019,41.3670,-8.5019,41.3670
1685,-8.5005,41.3643,-8.5005,41.3643
1686,-8.5001,41.3611,-8.5001,41.3611
1687,-8.5023,41.3579,-8.5023,41.3579
1688,-8.5055,41.3554,-8.5055,41.3554
1689,-8.5072,41.3521,-8.5072,41.3521
1690,-8.5066,41.3484,-8.5066,41.3484
1691,-8.5057,41.3448,-8.5057,41.3448
1692,-8.5069,41.3414,-8.5069,41.3414
1693,-8.5082,41.3381,-8.5082,41.3381
1694,-8.5098,41.3348,-8.5098,41.3348
1695,-8.5129,41.3323,-8.5129,41.3323
1696,-8.5160,41.3300,-8.5160,41.3300
1697,-8.5177,41.3270,-8.5177,41.3270
1698,-8.5179,41.3238,-8.5179,41.3238
1699,-8.5165,41.3207,-8.5165,41.3207
1700,-8.5164,41.3174,-8.5164,41.3174
1701,-8.5189,41.3145,-8.5189,41.3145
1702,-8.5231,41.3129,-8.5231,41.3129
1703,-8.5266,41.3102,-8.5266,41.3102
1704,-8.5287,41.3065,-8.5287,41.3065
1705,-8.5334,41.3045,-8.5334,41.3045
1706,-8.5376,41.3023,-8.5376,41.3023
1707,-8.5387,41.2985,-8.5387,41.2985
1708,-8.5409,41.2948,-8.5409,41.2948
1709,-8.5453,41.2922,-8.5453,41.2922
1710,-8.5501,41.2899,-8.5501,41.2899
1711,-8.5547,41.2877,-8.5547,41.2877
1712,-8.5585,41.2852,-8.5585,41.2852
1713,-8.5609,41.2817,-8.5609,41.2817
1714,-8.5613,41.2776,-8.5613,41.2776
1715,-8.5600,41.2734,-8.5600,41.2734
1716,-8.5609,41.2692,-8.5609,41.2692
1717,-8.5631,41.2653,-8.5631,41.2653
1718,-8.5653,41.2613,-8.5653,41.2613
1719,-8.5675,41.2574,-8.5675,41.2574
1720,-8.5686,41.2534,-8.5686,41.2534
1721,-8.5680,41.2494,-8.5680,41.2494
1722,-8.5662,41.2457,-8.5662,41.2457
1723,-8.5646,41.2423,-8.5646,41.2423
1724,-8.5644,41.2381,-8.5644,41.2381
1725,-8.5661,41.2339,-8.5661,41.2339
1726,-8.5692,41.2305,-8.5692,41.2305
1727,-8.5719,41.2269,-8.5719,41.2269
1728,-8.5733,41.2230,-8.5733,41.2230
1729,-8.5752,41.2191,-8.5752,41.2191
1730,-8.5763,41.2150,-8.5763,41.2150
1731,-8.5794,41.2112,-8.5794,41.2112
1732,-8.5826,41.2073,-8.5826,41.2073
1733,-8.5840,41.2029,-8.5840,41.2029
1734,-8.5871,41.1995,-8.5871,41.1995
1735,-8.5896,41.1959,-8.5896,41.1959
1736,-8.5922,41.1926,-8.5922,41.1926
1737,-8.5948,41.1892,-8.5948,41.1892
1738,-8.5941,41.1851,-8.5941,41.1851
1739,-8.5931,41.1808,-8.5931,41.1808
1740,-8.5935,41.1766,-8.5935,41.1766
1741,-8.5950,41.1727,-8.5950,41.1727
1742,-8.5964,41.1709,-8.5964,41.1709
1743,-8.5960,41.1717,-8.5960,41.1717
1744,-8.5937,41.1710,-8.5937,41.1710
1745,-8.5916,41.1697,-8.5916,41.1697
1746,-8.5892,41.1682,-8.5892,41.1682
1747,-8.5883,41.1672,-8.5883,41.1672
1748,-8.5885,41.1666,-8.5885,41.1666
1749,-8.5885,41.1666,-8.5885,41.1666
1750,-8.5889,41.1657,-8.5889,41.1657
1751,-8.5894,41.1643,-8.5894,41.1643
1752,-8.5905,41.1631,-8.5905,41.1631
1753,-8.5910,41.1625,-8.5910,41.1625
1754,-8.5920,41.1612,-8.5920,41.1612
1755,-8.5927,41.1597,-8.5927,41.1597
1756,-8.5934,41.1585,-8.5934,41.1585
1757,-8.5937,41.1577,-8.5937,41.1577
1758,-8.5941,41.1570,-8.5941,41.1570
1759,-8.5947,41.1559,-8.5947,41.1559
1760,-8.5954,41.1549,-8.5954,41.1549
1761,-8.5961,41.1538,-8.5961,41.1538
1762,-8.5968,41.1527,-8.5968,41.1527
1763,-8.5968,41.1528,-8.5968,41.1528
1764,-8.5968,41.1527,-8.5968,41.1527
1765,-8.5974,41.1516,-8.5974,41.1516
1766,-8.5985,41.1500,-8.5985,41.1500
1767,-8.5992,41.1491,-8.5992,41.1491
1768,-8.5988,41.1486,-8.5988,41.1486
1769,-8.5987,41.1485,-8.5987,41.1485
1770,-8.5987,41.1485,-8.5987,41.1485
1771,-8.5987,41.1484,-8.5987,41.1484
1772,-8.5981,41.1478,-8.5981,41.1478
1773,-8.5979,41.1470,-8.5979,41.1470
1774,-8.5976,41.1462,-8.5976,41.1462
1775,-8.5976,41.1460,-8.5976,41.1460
1776,-8.5976,41.1459,-8.5976,41.1459
1777,-8.5976,41.1459,-8.5976,41.1459
1778,-8.5976,41.1459,-8.5976,41.1459
1779,-8.5977,41.1458,-8.5977,41.1458
1780,-8.5981,41.1457,-8.5981,41.1457
1781,-8.5981,41.1457,-8.5981,41.1457
1782,-8.5996,41.1458,-8.5996,41.1458
1783,-8.6008,41.1457,-8.6008,41.1457
1784,-8.6015,41.1456,-8.6015,41.1456
1785,-8.6027,41.1456,-8.6027,41.1456
1786,-8.6028,41.1455,-8.6028,41.1455
1787,-8.6028,41.1457,-8.6028,41.1457
1788,-8.6029,41.1457,-8.6029,41.1457
1789,-8.6030,41.1456,-8.6030,41.1456
1790,-8.6033,41.1456,-8.6033,41.1456
1791,-8.6033,41.1457,-8.6033,41.1457
1792,-8.6037,41.1456,-8.6037,41.1456
1793,-8.6037,41.1456,-8.6037,41.1456
1794,-8.6043,41.1454,-8.6043,41.1454
1795,-8.6045,41.1448,-8.6045,41.1448
1796,-8.6053,41.1442,-8.6053,41.1442
1797,-8.6056,41.1444,-8.6056,41.1444
1798,-8.6056,41.1444,-8.6056,41.1444
1799,-8.6056,41.1444,-8.6056,41.1444
1800,-8.6056,41.1444,-8.6056,41.1444
1801,-8.6056,41.1443,-8.6056,41.1443
1802,-8.6056,41.1444,-8.6056,41.1444
1803,-8.6056,41.1443,-8.6056,41.1443
1804,-8.6056,41.1444,-8.6056,41.1444
1805,-8.6056,41.1444,-8.6056,41.1444
1806,-8.6056,41.1444,-8.6056,41.1444
1807,-8.6056,41.1444,-8.6056,41.1444
1808,-8.6056,41.1444,-8.6056,41.1444
1809,-8.6056,41.1444,-8.6056,41.1444
1810,-8.6056,41.1444,-8.6056,41.1444
1811,-8.6056,41.1443,-8.6056,41.1443
1812,-8.6056,41.1443,-8.6056,41.1443
1813,-8.6056,41.1443,-8.6056,41.1443
1814,-8.6056,41.1443,-8.6056,41.1443
1815,-8.6056,41.1443,-8.6056,41.1443
1816,-8.6056,41.1444,-8.6056,41.1444
1817,-8.6056,41.1444,-8.6056,41.1444
1818,-8.6056,41.1444,-8.6056,41.1444
1819,-8.6056,41.1444,-8.6056,41.1444
1820,-8.6056,41.1444,-8.6056,41.1444
1821,-8.6056,41.1443,-8.6056,41.1443
1822,-8.6056,41.1443,-8.6056,41.1443
1823,-8.6056,41.1442,-8.6056,41.1442
1824,-8.6056,41.1442,-8.6056,41.1442
1825,-8.6056,41.1442,-8.6056,41.1442
1826,-8.6056,41.1442,-8.6056,41.1442
1827,-8.6056,41.1442,-8.6056,41.1442
1828,-8.6056,41.1442,-8.6056,41.1442
1829,-8.6056,41.1442,-8.6056,41.1442
1830,-8.6056,41.1442,-8.6056,41.1442
1831,-8.6056,41.1444,-8.6056,41.1444
1832,-8.6056,41.1443,-8.6056,41.1443
1833,-8.6056,41.1442,-8.6056,41.1442
1834,-8.6056,41.1441,-8.6056,41.1441
1835,-8.6056,41.1442,-8.6056,41.1442
1836,-8.6056,41.1442,-8.6056,41.1442
1837,-8.6056,41.1442,-8.6056,41.1442
