1,-8.6059,41.1444,-8.6059,41.1444
2,-8.6062,41.1445,-8.6062,41.1445
3,-8.6074,41.1444,-8.6074,41.1444
4,-8.6081,41.1432,-8.6081,41.1432
5,-8.6082,41.1431,-8.6082,41.1431
6,-8.6063,41.1424,-8.6063,41.1424
7,-8.6045,41.1449,-8.6045,41.1449
8,-8.6021,41.1457,-8.6021,41.1457
9,-8.6019,41.1463,-8.6019,41.1463
10,-8.6012,41.1467,-8.6012,41.1467
11,-8.5991,41.1480,-8.5991,41.1480
12,-8.5986,41.1484,-8.5986,41.1484
13,-8.5986,41.1495,-8.5986,41.1495
14,-8.5973,41.1518,-8.5973,41.1518
15,-8.5957,41.1546,-8.5957,41.1546
16,-8.5939,41.1576,-8.5939,41.1576
17,-8.5921,41.1607,-8.5921,41.1607
18,-8.5907,41.1626,-8.5907,41.1626
19,-8.5897,41.1638,-8.5897,41.1638
20,-8.5888,41.1654,-8.5888,41.1654
21,-8.5874,41.1687,-8.5874,41.1687
22,-8.5847,41.1686,-8.5847,41.1686
23,-8.5829,41.1684,-8.5829,41.1684
24,-8.5829,41.1684,-8.5829,41.1684
25,-8.5829,41.1684,-8.5829,41.1684
26,-8.5829,41.1684,-8.5829,41.1684
27,-8.5829,41.1684,-8.5829,41.1684
28,-8.5829,41.1684,-8.5829,41.1684
29,-8.5826,41.1684,-8.5826,41.1684
30,-8.5818,41.1681,-8.5818,41.1681
31,-8.5823,41.1667,-8.5823,41.1667
32,-8.5812,41.1659,-8.5812,41.1659
33,-8.5827,41.1652,-8.5827,41.1652
34,-8.5831,41.1647,-8.5831,41.1647
35,-8.5831,41.1648,-8.5831,41.1648
36,-8.5832,41.1648,-8.5832,41.1648
37,-8.5832,41.1647,-8.5832,41.1647
38,-8.5832,41.1647,-8.5832,41.1647
39,-8.5832,41.1647,-8.5832,41.1647
40,-8.5831,41.1647,-8.5831,41.1647
41,-8.5831,41.1647,-8.5831,41.1647
42,-8.5831,41.1647,-8.5831,41.1647
43,-8.5832,41.1648,-8.5832,41.1648
44,-8.5832,41.1648,-8.5832,41.1648
45,-8.5832,41.1648,-8.5832,41.1648
46,-8.5831,41.1648,-8.5831,41.1648
47,-8.5831,41.1648,-8.5831,41.1648
48,-8.5831,41.1648,-8.5831,41.1648
49,-8.5831,41.1648,-8.5831,41.1648
50,-8.5831,41.1648,-8.5831,41.1648
51,-8.5831,41.1647,-8.5831,41.1647
52,-8.5826,41.1643,-8.5826,41.1643
53,-8.5830,41.1651,-8.5830,41.1651
54,-8.5818,41.1657,-8.5818,41.1657
55,-8.5803,41.1658,-8.5803,41.1658
56,-8.5794,41.1654,-8.5794,41.1654
57,-8.5790,41.1655,-8.5790,41.1655
58,-8.5784,41.1661,-8.5784,41.1661
59,-8.5781,41.1660,-8.5781,41.1660
60,-8.5785,41.1651,-8.5785,41.1651
61,-8.5800,41.1641,-8.5800,41.1641
62,-8.5815,41.1645,-8.5815,41.1645
63,-8.5819,41.1632,-8.5819,41.1632
64,-8.5817,41.1609,-8.5817,41.1609
65,-8.5832,41.1568,-8.5832,41.1568
66,-8.5809,41.1524,-8.5809,41.1524
67,-8.5793,41.1486,-8.5793,41.1486
68,-8.5811,41.1446,-8.5811,41.1446
69,-8.5809,41.1404,-8.5809,41.1404
70,-8.5798,41.1364,-8.5798,41.1364
71,-8.5765,41.1329,-8.5765,41.1329
72,-8.5754,41.1283,-8.5754,41.1283
73,-8.5735,41.1237,-8.5735,41.1237
74,-8.5721,41.1187,-8.5721,41.1187
75,-8.5700,41.1141,-8.5700,41.1141
76,-8.5663,41.1098,-8.5663,41.1098
77,-8.5662,41.1051,-8.5662,41.1051
78,-8.5692,41.1012,-8.5692,41.1012
79,-8.5726,41.0976,-8.5726,41.0976
80,-8.5739,41.0930,-8.5739,41.0930
81,-8.5758,41.0886,-8.5758,41.0886
82,-8.5755,41.0839,-8.5755,41.0839
83,-8.5764,41.0792,-8.5764,41.0792
84,-8.5796,41.0750,-8.5796,41.0750
85,-8.5820,41.0703,-8.5820,41.0703
86,-8.5810,41.0651,-8.5810,41.0651
87,-8.5788,41.0600,-8.5788,41.0600
88,-8.5766,41.0549,-8.5766,41.0549
89,-8.5722,41.0506,-8.5722,41.0506
90,-8.5710,41.0454,-8.5710,41.0454
91,-8.5700,41.0402,-8.5700,41.0402
92,-8.5720,41.0351,-8.5720,41.0351
93,-8.5721,41.0298,-8.5721,41.0298
94,-8.5750,41.0250,-8.5750,41.0250
95,-8.5797,41.0212,-8.5797,41.0212
96,-8.5819,41.0176,-8.5819,41.0176
97,-8.5821,41.0170,-8.5821,41.0170
98,-8.5824,41.0154,-8.5824,41.0154
99,-8.5830,41.0114,-8.5830,41.0114
100,-8.5824,41.0064,-8.5824,41.0064
101,-8.5832,41.0013,-8.5832,41.0013
102,-8.5841,40.9963,-8.5841,40.9963
103,-8.5858,40.9913,-8.5858,40.9913
104,-8.5837,40.9866,-8.5837,40.9866
105,-8.5788,40.9829,-8.5788,40.9829
106,-8.5763,40.9777,-8.5763,40.9777
107,-8.5732,40.9729,-8.5732,40.9729
108,-8.5701,40.9684,-8.5701,40.9684
109,-8.5676,40.9637,-8.5676,40.9637
110,-8.5694,40.9587,-8.5694,40.9587
111,-8.5725,40.9543,-8.5725,40.9543
112,-8.5730,40.9490,-8.5730,40.9490
113,-8.5745,40.9438,-8.5745,40.9438
114,-8.5737,40.9382,-8.5737,40.9382
115,-8.5711,40.9328,-8.5711,40.9328
116,-8.5687,40.9276,-8.5687,40.9276
117,-8.5677,40.9221,-8.5677,40.9221
118,-8.5679,40.9164,-8.5679,40.9164
119,-8.5678,40.9107,-8.5678,40.9107
120,-8.5670,40.9054,-8.5670,40.9054
121,-8.5675,40.8999,-8.5675,40.8999
122,-8.5686,40.8941,-8.5686,40.8941
123,-8.5677,40.8884,-8.5677,40.8884
124,-8.5635,40.8840,-8.5635,40.8840
125,-8.5608,40.8793,-8.5608,40.8793
126,-8.5604,40.8739,-8.5604,40.8739
127,-8.5598,40.8686,-8.5598,40.8686
128,-8.5582,40.8632,-8.5582,40.8632
129,-8.5558,40.8578,-8.5558,40.8578
130,-8.5564,40.8522,-8.5564,40.8522
131,-8.5576,40.8465,-8.5576,40.8465
132,-8.5555,40.8409,-8.5555,40.8409
133,-8.5549,40.8352,-8.5549,40.8352
134,-8.5545,40.8294,-8.5545,40.8294
135,-8.5529,40.8238,-8.5529,40.8238
136,-8.5504,40.8184,-8.5504,40.8184
137,-8.5485,40.8129,-8.5485,40.8129
138,-8.5482,40.8075,-8.5482,40.8075
139,-8.5488,40.8020,-8.5488,40.8020
140,-8.5495,40.7962,-8.5495,40.7962
141,-8.5488,40.7902,-8.5488,40.7902
142,-8.5461,40.7849,-8.5461,40.7849
143,-8.5440,40.7795,-8.5440,40.7795
144,-8.5434,40.7741,-8.5434,40.7741
145,-8.5438,40.7691,-8.5438,40.7691
146,-8.5421,40.7646,-8.5421,40.7646
147,-8.5391,40.7600,-8.5391,40.7600
148,-8.5360,40.7553,-8.5360,40.7553
149,-8.5330,40.7507,-8.5330,40.7507
150,-8.5295,40.7463,-8.5295,40.7463
151,-8.5264,40.7413,-8.5264,40.7413
152,-8.5242,40.7362,-8.5242,40.7362
153,-8.5228,40.7311,-8.5228,40.7311
154,-8.5223,40.7260,-8.5223,40.7260
155,-8.5224,40.7206,-8.5224,40.7206
156,-8.5223,40.7153,-8.5223,40.7153
157,-8.5217,40.7101,-8.5217,40.7101
158,-8.5222,40.7050,-8.5222,40.7050
159,-8.5231,40.6999,-8.5231,40.6999
160,-8.5230,40.6947,-8.5230,40.6947
161,-8.5215,40.6897,-8.5215,40.6897
162,-8.5191,40.6850,-8.5191,40.6850
163,-8.5190,40.6800,-8.5190,40.6800
164,-8.5197,40.6749,-8.5197,40.6749
165,-8.5180,40.6700,-8.5180,40.6700
166,-8.5154,40.6653,-8.5154,40.6653
167,-8.5149,40.6603,-8.5149,40.6603
168,-8.5179,40.6558,-8.5179,40.6558
169,-8.5187,40.6508,-8.5187,40.6508
170,-8.5205,40.6459,-8.5205,40.6459
171,-8.5234,40.6416,-8.5234,40.6416
172,-8.5255,40.6370,-8.5255,40.6370
173,-8.5291,40.6327,-8.5291,40.6327
174,-8.5339,40.6291,-8.5339,40.6291
175,-8.5366,40.6245,-8.5366,40.6245
176,-8.5393,40.6199,-8.5393,40.6199
177,-8.5428,40.6156,-8.5428,40.6156
178,-8.5470,40.6116,-8.5470,40.6116
179,-8.5500,40.6070,-8.5500,40.6070
180,-8.5531,40.6025,-8.5531,40.6025
181,-8.5576,40.5987,-8.5576,40.5987
182,-8.5606,40.5943,-8.5606,40.5943
183,-8.5609,40.5892,-8.5609,40.5892
184,-8.5603,40.5841,-8.5603,40.5841
185,-8.5617,40.5792,-8.5617,40.5792
186,-8.5614,40.5741,-8.5614,40.5741
187,-8.5604,40.5691,-8.5604,40.5691
188,-8.5612,40.5641,-8.5612,40.5641
189,-8.5613,40.5591,-8.5613,40.5591
190,-8.5603,40.5542,-8.5603,40.5542
191,-8.5604,40.5491,-8.5604,40.5491
192,-8.5621,40.5441,-8.5621,40.5441
193,-8.5606,40.5392,-8.5606,40.5392
194,-8.5573,40.5349,-8.5573,40.5349
195,-8.5549,40.5302,-8.5549,40.5302
196,-8.5532,40.5253,-8.5532,40.5253
197,-8.5503,40.5207,-8.5503,40.5207
198,-8.5461,40.5168,-8.5461,40.5168
199,-8.5409,40.5136,-8.5409,40.5136
200,-8.5359,40.5103,-8.5359,40.5103
201,-8.5326,40.5059,-8.5326,40.5059
202,-8.5314,40.5013,-8.5314,40.5013
203,-8.5306,40.4964,-8.5306,40.4964
204,-8.5277,40.4919,-8.5277,40.4919
205,-8.5247,40.4877,-8.5247,40.4877
206,-8.5226,40.4832,-8.5226,40.4832
207,-8.5216,40.4782,-8.5216,40.4782
208,-8.5217,40.4731,-8.5217,40.4731
209,-8.5214,40.4681,-8.5214,40.4681
210,-8.5199,40.4631,-8.5199,40.4631
211,-8.5184,40.4581,-8.5184,40.4581
212,-8.5177,40.4530,-8.5177,40.4530
213,-8.5175,40.4479,-8.5175,40.4479
214,-8.5159,40.4430,-8.5159,40.4430
215,-8.5125,40.4387,-8.5125,40.4387
216,-8.5080,40.4349,-8.5080,40.4349
217,-8.5036,40.4311,-8.5036,40.4311
218,-8.5000,40.4268,-8.5000,40.4268
219,-8.4976,40.4220,-8.4976,40.4220
220,-8.4961,40.4171,-8.4961,40.4171
221,-8.4939,40.4122,-8.4939,40.4122
222,-8.4918,40.4074,-8.4918,40.4074
223,-8.4913,40.4024,-8.4913,40.4024
224,-8.4904,40.3974,-8.4904,40.3974
225,-8.4891,40.3923,-8.4891,40.3923
226,-8.4892,40.3872,-8.4892,40.3872
227,-8.4909,40.3823,-8.4909,40.3823
228,-8.4929,40.3774,-8.4929,40.3774
229,-8.4937,40.3724,-8.4937,40.3724
230,-8.4932,40.3673,-8.4932,40.3673
231,-8.4925,40.3622,-8.4925,40.3622
232,-8.4936,40.3572,-8.4936,40.3572
233,-8.4948,40.3522,-8.4948,40.3522
234,-8.4950,40.3472,-8.4950,40.3472
235,-8.4957,40.3421,-8.4957,40.3421
236,-8.4947,40.3370,-8.4947,40.3370
237,-8.4930,40.3321,-8.4930,40.3321
238,-8.4927,40.3273,-8.4927,40.3273
239,-8.4920,40.3221,-8.4920,40.3221
240,-8.4901,40.3170,-8.4901,40.3170
241,-8.4895,40.3121,-8.4895,40.3121
242,-8.4882,40.3075,-8.4882,40.3075
243,-8.4864,40.3026,-8.4864,40.3026
244,-8.4861,40.2976,-8.4861,40.2976
245,-8.4849,40.2926,-8.4849,40.2926
246,-8.4816,40.2882,-8.4816,40.2882
247,-8.4780,40.2839,-8.4780,40.2839
248,-8.4779,40.2789,-8.4779,40.2789
249,-8.4808,40.2744,-8.4808,40.2744
250,-8.4835,40.2697,-8.4835,40.2697
251,-8.4831,40.2646,-8.4831,40.2646
252,-8.4848,40.2597,-8.4848,40.2597
253,-8.4876,40.2551,-8.4876,40.2551
254,-8.4877,40.2501,-8.4877,40.2501
255,-8.4886,40.2450,-8.4886,40.2450
256,-8.4883,40.2399,-8.4883,40.2399
257,-8.4871,40.2349,-8.4871,40.2349
258,-8.4871,40.2299,-8.4871,40.2299
259,-8.4874,40.2248,-8.4874,40.2248
260,-8.4873,40.2197,-8.4873,40.2197
261,-8.4872,40.2146,-8.4872,40.2146
262,-8.4883,40.2096,-8.4883,40.2096
263,-8.4891,40.2045,-8.4891,40.2045
264,-8.4881,40.1995,-8.4881,40.1995
265,-8.4872,40.1945,-8.4872,40.1945
266,-8.4883,40.1895,-8.4883,40.1895
267,-8.4917,40.1851,-8.4917,40.1851
268,-8.4930,40.1801,-8.4930,40.1801
269,-8.4949,40.1752,-8.4949,40.1752
270,-8.4941,40.1701,-8.4941,40.1701
271,-8.4935,40.1651,-8.4935,40.1651
272,-8.4949,40.1601,-8.4949,40.1601
273,-8.4950,40.1551,-8.4950,40.1551
274,-8.4932,40.1502,-8.4932,40.1502
275,-8.4926,40.1451,-8.4926,40.1451
276,-8.4944,40.1403,-8.4944,40.1403
277,-8.4962,40.1354,-8.4962,40.1354
278,-8.4970,40.1304,-8.4970,40.1304
279,-8.5015,40.1268,-8.5015,40.1268
280,-8.5080,40.1255,-8.5080,40.1255
281,-8.5141,40.1236,-8.5141,40.1236
282,-8.5186,40.1199,-8.5186,40.1199
283,-8.5230,40.1162,-8.5230,40.1162
284,-8.5268,40.1119,-8.5268,40.1119
285,-8.5282,40.1070,-8.5282,40.1070
286,-8.5295,40.1020,-8.5295,40.1020
287,-8.5331,40.0977,-8.5331,40.0977
288,-8.5342,40.0928,-8.5342,40.0928
289,-8.5347,40.0878,-8.5347,40.0878
290,-8.5373,40.0831,-8.5373,40.0831
291,-8.5373,40.0781,-8.5373,40.0781
292,-8.5390,40.0732,-8.5390,40.0732
293,-8.5429,40.0690,-8.5429,40.0690
294,-8.5458,40.0645,-8.5458,40.0645
295,-8.5507,40.0610,-8.5507,40.0610
296,-8.5555,40.0575,-8.5555,40.0575
297,-8.5609,40.0545,-8.5609,40.0545
298,-8.5666,40.0519,-8.5666,40.0519
299,-8.5708,40.0480,-8.5708,40.0480
300,-8.5737,40.0434,-8.5737,40.0434
301,-8.5784,40.0399,-8.5784,40.0399
302,-8.5826,40.0360,-8.5826,40.0360
303,-8.5861,40.0316,-8.5861,40.0316
304,-8.5887,40.0270,-8.5887,40.0270
305,-8.5919,40.0225,-8.5919,40.0225
306,-8.5953,40.0191,-8.5953,40.0191
307,-8.5983,40.0165,-8.5983,40.0165
308,-8.5998,40.0152,-8.5998,40.0152
309,-8.6004,40.0149,-8.6004,40.0149
310,-8.6004,40.0144,-8.6004,40.0144
311,-8.6006,40.0140,-8.6006,40.0140
312,-8.6006,40.0140,-8.6006,40.0140
313,-8.6006,40.0141,-8.6006,40.0141
314,-8.6005,40.0140,-8.6005,40.0140
315,-8.6005,40.0140,-8.6005,40.0140
316,-8.6005,40.0140,-8.6005,40.0140
317,-8.6005,40.0140,-8.6005,40.0140
318,-8.6005,40.0140,-8.6005,40.0140
319,-8.6006,40.0140,-8.6006,40.0140
320,-8.6006,40.0140,-8.6006,40.0140
321,-8.6006,40.0140,-8.6006,40.0140
322,-8.6006,40.0141,-8.6006,40.0141
323,-8.6006,40.0141,-8.6006,40.0141
324,-8.6006,40.0141,-8.6006,40.0141
325,-8.6006,40.0141,-8.6006,40.0141
326,-8.6005,40.0140,-8.6005,40.0140
327,-8.6005,40.0140,-8.6005,40.0140
328,-8.6005,40.0141,-8.6005,40.0141
329,-8.6005,40.0140,-8.6005,40.0140
330,-8.6005,40.0140,-8.6005,40.0140
331,-8.6005,40.0140,-8.6005,40.0140
332,-8.6005,40.0140,-8.6005,40.0140
333,-8.6005,40.0140,-8.6005,40.0140
334,-8.6005,40.0140,-8.6005,40.0140
335,-8.6005,40.0140,-8.6005,40.0140
336,-8.6005,40.0140,-8.6005,40.0140
337,-8.6005,40.0140,-8.6005,40.0140
338,-8.6005,40.0140,-8.6005,40.0140
339,-8.6005,40.0141,-8.6005,40.0141
340,-8.6005,40.0141,-8.6005,40.0141
341,-8.6005,40.0141,-8.6005,40.0141
342,-8.6005,40.0141,-8.6005,40.0141
343,-8.6006,40.0141,-8.6006,40.0141
344,-8.6005,40.0140,-8.6005,40.0140
345,-8.6005,40.0140,-8.6005,40.0140
346,-8.6005,40.0140,-8.6005,40.0140
347,-8.6005,40.0140,-8.6005,40.0140
348,-8.6005,40.0141,-8.6005,40.0141
349,-8.6006,40.0141,-8.6006,40.0141
350,-8.6006,40.0141,-8.6006,40.0141
351,-8.6005,40.0141,-8.6005,40.0141
352,-8.6005,40.0141,-8.6005,40.0141
353,-8.6005,40.0141,-8.6005,40.0141
354,-8.6005,40.0141,-8.6005,40.0141
355,-8.6005,40.0141,-8.6005,40.0141
356,-8.6005,40.0140,-8.6005,40.0140
357,-8.6004,40.0135,-8.6004,40.0135
358,-8.6011,40.0112,-8.6011,40.0112
359,-8.6042,40.0075,-8.6042,40.0075
360,-8.6077,40.0033,-8.6077,40.0033
361,-8.6100,39.9984,-8.6100,39.9984
362,-8.6141,39.9941,-8.6141,39.9941
363,-8.6174,39.9895,-8.6174,39.9895
364,-8.6222,39.9860,-8.6222,39.9860
365,-8.6260,39.9819,-8.6260,39.9819
366,-8.6303,39.9781,-8.6303,39.9781
367,-8.6361,39.9756,-8.6361,39.9756
368,-8.6420,39.9732,-8.6420,39.9732
369,-8.6478,39.9708,-8.6478,39.9708
370,-8.6539,39.9687,-8.6539,39.9687
371,-8.6590,39.9656,-8.6590,39.9656
372,-8.6624,39.9612,-8.6624,39.9612
373,-8.6670,39.9576,-8.6670,39.9576
374,-8.6696,39.9531,-8.6696,39.9531
375,-8.6704,39.9491,-8.6704,39.9491
376,-8.6730,39.9454,-8.6730,39.9454
377,-8.6770,39.9421,-8.6770,39.9421
378,-8.6797,39.9392,-8.6797,39.9392
379,-8.6797,39.9401,-8.6797,39.9401
380,-8.6762,39.9391,-8.6762,39.9391
381,-8.6746,39.9401,-8.6746,39.9401
382,-8.6746,39.9401,-8.6746,39.9401
383,-8.6746,39.9401,-8.6746,39.9401
384,-8.6746,39.9401,-8.6746,39.9401
385,-8.6746,39.9401,-8.6746,39.9401
386,-8.6746,39.9401,-8.6746,39.9401
387,-8.6746,39.9401,-8.6746,39.9401
388,-8.6741,39.9404,-8.6741,39.9404
389,-8.6715,39.9400,-8.6715,39.9400
390,-8.6671,39.9383,-8.6671,39.9383
391,-8.6612,39.9376,-8.6612,39.9376
392,-8.6550,39.9374,-8.6550,39.9374
393,-8.6484,39.9356,-8.6484,39.9356
394,-8.6416,39.9347,-8.6416,39.9347
395,-8.6349,39.9342,-8.6349,39.9342
396,-8.6285,39.9351,-8.6285,39.9351
397,-8.6265,39.9343,-8.6265,39.9343
398,-8.6290,39.9342,-8.6290,39.9342
399,-8.6283,39.9333,-8.6283,39.9333
400,-8.6288,39.9312,-8.6288,39.9312
401,-8.6292,39.9286,-8.6292,39.9286
402,-8.6290,39.9261,-8.6290,39.9261
403,-8.6290,39.9237,-8.6290,39.9237
404,-8.6309,39.9220,-8.6309,39.9220
405,-8.6335,39.9203,-8.6335,39.9203
406,-8.6337,39.9180,-8.6337,39.9180
407,-8.6334,39.9155,-8.6334,39.9155
408,-8.6340,39.9139,-8.6340,39.9139
409,-8.6349,39.9143,-8.6349,39.9143
410,-8.6351,39.9145,-8.6351,39.9145
411,-8.6355,39.9149,-8.6355,39.9149
412,-8.6354,39.9150,-8.6354,39.9150
413,-8.6354,39.9151,-8.6354,39.9151
414,-8.6354,39.9151,-8.6354,39.9151
415,-8.6354,39.9151,-8.6354,39.9151
416,-8.6354,39.9151,-8.6354,39.9151
417,-8.6354,39.9151,-8.6354,39.9151
418,-8.6354,39.9151,-8.6354,39.9151
419,-8.6354,39.9151,-8.6354,39.9151
420,-8.6354,39.9151,-8.6354,39.9151
421,-8.6354,39.9151,-8.6354,39.9151
422,-8.6354,39.9151,-8.6354,39.9151
423,-8.6354,39.9151,-8.6354,39.9151
424,-8.6354,39.9151,-8.6354,39.9151
425,-8.6354,39.9151,-8.6354,39.9151
426,-8.6354,39.9151,-8.6354,39.9151
427,-8.6354,39.9150,-8.6354,39.9150
428,-8.6354,39.9150,-8.6354,39.9150
429,-8.6355,39.9150,-8.6355,39.9150
430,-8.6355,39.9150,-8.6355,39.9150
431,-8.6355,39.9150,-8.6355,39.9150
432,-8.6355,39.9150,-8.6355,39.9150
433,-8.6355,39.9151,-8.6355,39.9151
434,-8.6355,39.9151,-8.6355,39.9151
435,-8.6355,39.9151,-8.6355,39.9151
436,-8.6354,39.9151,-8.6354,39.9151
437,-8.6354,39.9151,-8.6354,39.9151
438,-8.6354,39.9151,-8.6354,39.9151
439,-8.6354,39.9151,-8.6354,39.9151
440,-8.6354,39.9151,-8.6354,39.9151
441,-8.6354,39.9151,-8.6354,39.9151
442,-8.6354,39.9151,-8.6354,39.9151
443,-8.6354,39.9151,-8.6354,39.9151
444,-8.6354,39.9151,-8.6354,39.9151
445,-8.6354,39.9151,-8.6354,39.9151
446,-8.6354,39.9151,-8.6354,39.9151
447,-8.6354,39.9151,-8.6354,39.9151
448,-8.6354,39.9151,-8.6354,39.9151
449,-8.6354,39.9145,-8.6354,39.9145
450,-8.6351,39.9145,-8.6351,39.9145
451,-8.6351,39.9145,-8.6351,39.9145
452,-8.6351,39.9144,-8.6351,39.9144
453,-8.6351,39.9144,-8.6351,39.9144
454,-8.6351,39.9144,-8.6351,39.9144
455,-8.6351,39.9144,-8.6351,39.9144
456,-8.6351,39.9144,-8.6351,39.9144
457,-8.6351,39.9145,-8.6351,39.9145
458,-8.6351,39.9145,-8.6351,39.9145
459,-8.6351,39.9145,-8.6351,39.9145
460,-8.6351,39.9145,-8.6351,39.9145
461,-8.6351,39.9146,-8.6351,39.9146
462,-8.6351,39.9146,-8.6351,39.9146
463,-8.6351,39.9145,-8.6351,39.9145
464,-8.6351,39.9145,-8.6351,39.9145
465,-8.6351,39.9145,-8.6351,39.9145
466,-8.6351,39.9145,-8.6351,39.9145
467,-8.6351,39.9144,-8.6351,39.9144
468,-8.6351,39.9144,-8.6351,39.9144
469,-8.6351,39.9144,-8.6351,39.9144
470,-8.6351,39.9144,-8.6351,39.9144
471,-8.6351,39.9145,-8.6351,39.9145
472,-8.6351,39.9146,-8.6351,39.9146
473,-8.6351,39.9146,-8.6351,39.9146
474,-8.6351,39.9144,-8.6351,39.9144
475,-8.6351,39.9144,-8.6351,39.9144
476,-8.6351,39.9143,-8.6351,39.9143
477,-8.6351,39.9144,-8.6351,39.9144
478,-8.6351,39.9143,-8.6351,39.9143
479,-8.6351,39.9143,-8.6351,39.9143
480,-8.6351,39.9144,-8.6351,39.9144
481,-8.6351,39.9145,-8.6351,39.9145
482,-8.6351,39.9146,-8.6351,39.9146
483,-8.6350,39.9147,-8.6350,39.9147
484,-8.6350,39.9147,-8.6350,39.9147
485,-8.6350,39.9147,-8.6350,39.9147
486,-8.6351,39.9146,-8.6351,39.9146
487,-8.6351,39.9146,-8.6351,39.9146
488,-8.6351,39.9145,-8.6351,39.9145
489,-8.6351,39.9145,-8.6351,39.9145
490,-8.6351,39.9145,-8.6351,39.9145
491,-8.6351,39.9145,-8.6351,39.9145
492,-8.6351,39.9145,-8.6351,39.9145
493,-8.6351,39.9144,-8.6351,39.9144
494,-8.6351,39.9144,-8.6351,39.9144
495,-8.6351,39.9144,-8.6351,39.9144
496,-8.6351,39.9145,-8.6351,39.9145
497,-8.6351,39.9145,-8.6351,39.9145
498,-8.6351,39.9145,-8.6351,39.9145
499,-8.6351,39.9145,-8.6351,39.9145
500,-8.6351,39.9145,-8.6351,39.9145
501,-8.6351,39.9145,-8.6351,39.9145
502,-8.6352,39.9145,-8.6352,39.9145
503,-8.6352,39.9145,-8.6352,39.9145
504,-8.6351,39.9145,-8.6351,39.9145
505,-8.6351,39.9145,-8.6351,39.9145
506,-8.6351,39.9145,-8.6351,39.9145
507,-8.6351,39.9145,-8.6351,39.9145
508,-8.6351,39.9145,-8.6351,39.9145
509,-8.6351,39.9145,-8.6351,39.9145
510,-8.6351,39.9145,-8.6351,39.9145
511,-8.6351,39.9145,-8.6351,39.9145
512,-8.6351,39.9145,-8.6351,39.9145
513,-8.6351,39.9145,-8.6351,39.9145
514,-8.6351,39.9146,-8.6351,39.9146
515,-8.6351,39.9146,-8.6351,39.9146
516,-8.6351,39.9146,-8.6351,39.9146
517,-8.6351,39.9146,-8.6351,39.9146
518,-8.6351,39.9146,-8.6351,39.9146
519,-8.6351,39.9145,-8.6351,39.9145
520,-8.6351,39.9145,-8.6351,39.9145
521,-8.6351,39.9145,-8.6351,39.9145
522,-8.6351,39.9145,-8.6351,39.9145
523,-8.6351,39.9145,-8.6351,39.9145
524,-8.6351,39.9145,-8.6351,39.9145
525,-8.6351,39.9145,-8.6351,39.9145
526,-8.6351,39.9145,-8.6351,39.9145
527,-8.6351,39.9145,-8.6351,39.9145
528,-8.6351,39.9145,-8.6351,39.9145
529,-8.6351,39.9145,-8.6351,39.9145
530,-8.6351,39.9145,-8.6351,39.9145
531,-8.6351,39.9145,-8.6351,39.9145
532,-8.6351,39.9145,-8.6351,39.9145
533,-8.6351,39.9145,-8.6351,39.9145
534,-8.6351,39.9144,-8.6351,39.9144
535,-8.6351,39.9144,-8.6351,39.9144
536,-8.6351,39.9144,-8.6351,39.9144
537,-8.6351,39.9145,-8.6351,39.9145
538,-8.6351,39.9145,-8.6351,39.9145
539,-8.6351,39.9145,-8.6351,39.9145
540,-8.6351,39.9145,-8.6351,39.9145
541,-8.6351,39.9145,-8.6351,39.9145
542,-8.6351,39.9145,-8.6351,39.9145
543,-8.6351,39.9145,-8.6351,39.9145
544,-8.6351,39.9144,-8.6351,39.9144
545,-8.6351,39.9144,-8.6351,39.9144
546,-8.6351,39.9144,-8.6351,39.9144
547,-8.6351,39.9144,-8.6351,39.9144
548,-8.6351,39.9144,-8.6351,39.9144
549,-8.6351,39.9145,-8.6351,39.9145
550,-8.6351,39.9144,-8.6351,39.9144
551,-8.6351,39.9144,-8.6351,39.9144
552,-8.6351,39.9144,-8.6351,39.9144
553,-8.6351,39.9145,-8.6351,39.9145
554,-8.6351,39.9145,-8.6351,39.9145
555,-8.6351,39.9145,-8.6351,39.9145
556,-8.6351,39.9144,-8.6351,39.9144
557,-8.6351,39.9144,-8.6351,39.9144
558,-8.6351,39.9145,-8.6351,39.9145
559,-8.6351,39.9145,-8.6351,39.9145
560,-8.6351,39.9145,-8.6351,39.9145
561,-8.6351,39.9144,-8.6351,39.9144
562,-8.6351,39.9144,-8.6351,39.9144
563,-8.6351,39.9144,-8.6351,39.9144
564,-8.6351,39.9144,-8.6351,39.9144
565,-8.6351,39.9145,-8.6351,39.9145
566,-8.6351,39.9145,-8.6351,39.9145
567,-8.6351,39.9144,-8.6351,39.9144
568,-8.6351,39.9145,-8.6351,39.9145
569,-8.6351,39.9145,-8.6351,39.9145
570,-8.6351,39.9145,-8.6351,39.9145
571,-8.6351,39.9145,-8.6351,39.9145
572,-8.6351,39.9146,-8.6351,39.9146
573,-8.6351,39.9146,-8.6351,39.9146
574,-8.6351,39.9146,-8.6351,39.9146
575,-8.6351,39.9145,-8.6351,39.9145
576,-8.6351,39.9145,-8.6351,39.9145
577,-8.6351,39.9145,-8.6351,39.9145
578,-8.6351,39.9145,-8.6351,39.9145
579,-8.6351,39.9144,-8.6351,39.9144
580,-8.6351,39.9144,-8.6351,39.9144
581,-8.6351,39.9144,-8.6351,39.9144
582,-8.6351,39.9144,-8.6351,39.9144
583,-8.6351,39.9144,-8.6351,39.9144
584,-8.6351,39.9145,-8.6351,39.9145
585,-8.6351,39.9145,-8.6351,39.9145
586,-8.6351,39.9145,-8.6351,39.9145
587,-8.6351,39.9145,-8.6351,39.9145
588,-8.6351,39.9144,-8.6351,39.9144
589,-8.6351,39.9144,-8.6351,39.9144
590,-8.6351,39.9144,-8.6351,39.9144
591,-8.6351,39.9144,-8.6351,39.9144
592,-8.6351,39.9144,-8.6351,39.9144
593,-8.6351,39.9144,-8.6351,39.9144
594,-8.6351,39.9144,-8.6351,39.9144
595,-8.6351,39.9145,-8.6351,39.9145
596,-8.6351,39.9145,-8.6351,39.9145
597,-8.6351,39.9145,-8.6351,39.9145
598,-8.6349,39.9141,-8.6349,39.9141
599,-8.6343,39.9138,-8.6343,39.9138
600,-8.6323,39.9140,-8.6323,39.9140
601,-8.6311,39.9143,-8.6311,39.9143
602,-8.6299,39.9150,-8.6299,39.9150
603,-8.6292,39.9150,-8.6292,39.9150
604,-8.6291,39.9149,-8.6291,39.9149
605,-8.6289,39.9150,-8.6289,39.9150
606,-8.6287,39.9153,-8.6287,39.9153
607,-8.6283,39.9157,-8.6283,39.9157
608,-8.6282,39.9158,-8.6282,39.9158
609,-8.6281,39.9159,-8.6281,39.9159
610,-8.6273,39.9163,-8.6273,39.9163
611,-8.6267,39.9164,-8.6267,39.9164
612,-8.6255,39.9167,-8.6255,39.9167
613,-8.6240,39.9170,-8.6240,39.9170
614,-8.6228,39.9173,-8.6228,39.9173
615,-8.6216,39.9175,-8.6216,39.9175
616,-8.6199,39.9180,-8.6199,39.9180
617,-8.6176,39.9186,-8.6176,39.9186
618,-8.6165,39.9186,-8.6165,39.9186
619,-8.6166,39.9185,-8.6166,39.9185
620,-8.6165,39.9186,-8.6165,39.9186
621,-8.6164,39.9186,-8.6164,39.9186
622,-8.6164,39.9186,-8.6164,39.9186
623,-8.6164,39.9186,-8.6164,39.9186
624,-8.6165,39.9186,-8.6165,39.9186
625,-8.6165,39.9186,-8.6165,39.9186
626,-8.6165,39.9186,-8.6165,39.9186
627,-8.6165,39.9186,-8.6165,39.9186
628,-8.6165,39.9185,-8.6165,39.9185
629,-8.6165,39.9185,-8.6165,39.9185
630,-8.6165,39.9185,-8.6165,39.9185
631,-8.6164,39.9185,-8.6164,39.9185
632,-8.6164,39.9185,-8.6164,39.9185
633,-8.6166,39.9185,-8.6166,39.9185
634,-8.6165,39.9185,-8.6165,39.9185
635,-8.6165,39.9186,-8.6165,39.9186
636,-8.6165,39.9186,-8.6165,39.9186
637,-8.6165,39.9185,-8.6165,39.9185
638,-8.6165,39.9186,-8.6165,39.9186
639,-8.6165,39.9186,-8.6165,39.9186
640,-8.6165,39.9185,-8.6165,39.9185
641,-8.6166,39.9185,-8.6166,39.9185
642,-8.6166,39.9185,-8.6166,39.9185
643,-8.6166,39.9185,-8.6166,39.9185
644,-8.6166,39.9185,-8.6166,39.9185
645,-8.6166,39.9185,-8.6166,39.9185
646,-8.6166,39.9186,-8.6166,39.9186
647,-8.6166,39.9185,-8.6166,39.9185
648,-8.6166,39.9185,-8.6166,39.9185
649,-8.6166,39.9185,-8.6166,39.9185
650,-8.6165,39.9185,-8.6165,39.9185
651,-8.6165,39.9186,-8.6165,39.9186
652,-8.6165,39.9186,-8.6165,39.9186
653,-8.6165,39.9186,-8.6165,39.9186
654,-8.6165,39.9186,-8.6165,39.9186
655,-8.6165,39.9186,-8.6165,39.9186
656,-8.6165,39.9185,-8.6165,39.9185
657,-8.6165,39.9185,-8.6165,39.9185
658,-8.6165,39.9185,-8.6165,39.9185
659,-8.6165,39.9185,-8.6165,39.9185
660,-8.6165,39.9185,-8.6165,39.9185
661,-8.6166,39.9185,-8.6166,39.9185
662,-8.6166,39.9185,-8.6166,39.9185
663,-8.6166,39.9185,-8.6166,39.9185
664,-8.6165,39.9185,-8.6165,39.9185
665,-8.6165,39.9185,-8.6165,39.9185
666,-8.6165,39.9185,-8.6165,39.9185
667,-8.6165,39.9185,-8.6165,39.9185
668,-8.6165,39.9185,-8.6165,39.9185
669,-8.6165,39.9185,-8.6165,39.9185
670,-8.6164,39.9185,-8.6164,39.9185
671,-8.6165,39.9185,-8.6165,39.9185
672,-8.6165,39.9185,-8.6165,39.9185
673,-8.6165,39.9185,-8.6165,39.9185
674,-8.6165,39.9185,-8.6165,39.9185
675,-8.6165,39.9185,-8.6165,39.9185
676,-8.6165,39.9185,-8.6165,39.9185
677,-8.6164,39.9185,-8.6164,39.9185
678,-8.6165,39.9185,-8.6165,39.9185
679,-8.6165,39.9185,-8.6165,39.9185
680,-8.6165,39.9185,-8.6165,39.9185
681,-8.6165,39.9185,-8.6165,39.9185
682,-8.6165,39.9185,-8.6165,39.9185
683,-8.6166,39.9185,-8.6166,39.9185
684,-8.6166,39.9185,-8.6166,39.9185
685,-8.6165,39.9185,-8.6165,39.9185
686,-8.6166,39.9186,-8.6166,39.9186
687,-8.6166,39.9186,-8.6166,39.9186
688,-8.6165,39.9186,-8.6165,39.9186
689,-8.6165,39.9185,-8.6165,39.9185
690,-8.6165,39.9185,-8.6165,39.9185
691,-8.6165,39.9185,-8.6165,39.9185
692,-8.6165,39.9185,-8.6165,39.9185
693,-8.6165,39.9185,-8.6165,39.9185
694,-8.6165,39.9185,-8.6165,39.9185
695,-8.6165,39.9186,-8.6165,39.9186
696,-8.6165,39.9185,-8.6165,39.9185
697,-8.6165,39.9186,-8.6165,39.9186
698,-8.6165,39.9186,-8.6165,39.9186
699,-8.6165,39.9186,-8.6165,39.9186
700,-8.6165,39.9186,-8.6165,39.9186
701,-8.6165,39.9186,-8.6165,39.9186
702,-8.6165,39.9186,-8.6165,39.9186
703,-8.6165,39.9186,-8.6165,39.9186
704,-8.6165,39.9186,-8.6165,39.9186
705,-8.6165,39.9186,-8.6165,39.9186
706,-8.6165,39.9186,-8.6165,39.9186
707,-8.6165,39.9186,-8.6165,39.9186
708,-8.6165,39.9186,-8.6165,39.9186
709,-8.6165,39.9186,-8.6165,39.9186
710,-8.6165,39.9186,-8.6165,39.9186
711,-8.6165,39.9186,-8.6165,39.9186
712,-8.6165,39.9186,-8.6165,39.9186
713,-8.6165,39.9186,-8.6165,39.9186
714,-8.6165,39.9186,-8.6165,39.9186
715,-8.6165,39.9185,-8.6165,39.9185
716,-8.6165,39.9185,-8.6165,39.9185
717,-8.6165,39.9186,-8.6165,39.9186
718,-8.6165,39.9186,-8.6165,39.9186
719,-8.6165,39.9186,-8.6165,39.9186
720,-8.6165,39.9186,-8.6165,39.9186
721,-8.6165,39.9186,-8.6165,39.9186
722,-8.6165,39.9186,-8.6165,39.9186
723,-8.6165,39.9186,-8.6165,39.9186
724,-8.6165,39.9186,-8.6165,39.9186
725,-8.6165,39.9186,-8.6165,39.9186
726,-8.6165,39.9186,-8.6165,39.9186
727,-8.6163,39.9188,-8.6163,39.9188
728,-8.6149,39.9192,-8.6149,39.9192
729,-8.6130,39.9196,-8.6130,39.9196
730,-8.6130,39.9198,-8.6130,39.9198
731,-8.6130,39.9198,-8.6130,39.9198
732,-8.6130,39.9198,-8.6130,39.9198
733,-8.6130,39.9198,-8.6130,39.9198
734,-8.6130,39.9197,-8.6130,39.9197
735,-8.6130,39.9197,-8.6130,39.9197
736,-8.6129,39.9197,-8.6129,39.9197
737,-8.6130,39.9198,-8.6130,39.9198
738,-8.6129,39.9197,-8.6129,39.9197
739,-8.6129,39.9198,-8.6129,39.9198
740,-8.6129,39.9198,-8.6129,39.9198
741,-8.6129,39.9197,-8.6129,39.9197
742,-8.6129,39.9197,-8.6129,39.9197
743,-8.6129,39.9197,-8.6129,39.9197
744,-8.6130,39.9197,-8.6130,39.9197
745,-8.6130,39.9197,-8.6130,39.9197
746,-8.6130,39.9197,-8.6130,39.9197
747,-8.6130,39.9197,-8.6130,39.9197
748,-8.6130,39.9197,-8.6130,39.9197
749,-8.6130,39.9197,-8.6130,39.9197
750,-8.6130,39.9198,-8.6130,39.9198
751,-8.6129,39.9198,-8.6129,39.9198
752,-8.6129,39.9197,-8.6129,39.9197
753,-8.6129,39.9198,-8.6129,39.9198
754,-8.6129,39.9198,-8.6129,39.9198
755,-8.6130,39.9197,-8.6130,39.9197
756,-8.6130,39.9197,-8.6130,39.9197
757,-8.6130,39.9198,-8.6130,39.9198
758,-8.6130,39.9198,-8.6130,39.9198
759,-8.6130,39.9198,-8.6130,39.9198
760,-8.6130,39.9197,-8.6130,39.9197
761,-8.6130,39.9197,-8.6130,39.9197
762,-8.6130,39.9197,-8.6130,39.9197
763,-8.6130,39.9197,-8.6130,39.9197
764,-8.6130,39.9197,-8.6130,39.9197
765,-8.6129,39.9197,-8.6129,39.9197
766,-8.6130,39.9197,-8.6130,39.9197
767,-8.6129,39.9197,-8.6129,39.9197
768,-8.6129,39.9198,-8.6129,39.9198
769,-8.6129,39.9198,-8.6129,39.9198
770,-8.6129,39.9198,-8.6129,39.9198
771,-8.6129,39.9198,-8.6129,39.9198
772,-8.6130,39.9198,-8.6130,39.9198
773,-8.6130,39.9198,-8.6130,39.9198
774,-8.6129,39.9197,-8.6129,39.9197
775,-8.6129,39.9198,-8.6129,39.9198
776,-8.6129,39.9198,-8.6129,39.9198
777,-8.6129,39.9198,-8.6129,39.9198
778,-8.6129,39.9198,-8.6129,39.9198
779,-8.6129,39.9198,-8.6129,39.9198
780,-8.6129,39.9198,-8.6129,39.9198
781,-8.6129,39.9198,-8.6129,39.9198
782,-8.6129,39.9198,-8.6129,39.9198
783,-8.6129,39.9198,-8.6129,39.9198
784,-8.6129,39.9198,-8.6129,39.9198
785,-8.6129,39.9198,-8.6129,39.9198
786,-8.6129,39.9198,-8.6129,39.9198
787,-8.6129,39.9198,-8.6129,39.9198
788,-8.6129,39.9198,-8.6129,39.9198
789,-8.6129,39.9198,-8.6129,39.9198
790,-8.6129,39.9198,-8.6129,39.9198
791,-8.6129,39.9198,-8.6129,39.9198
792,-8.6129,39.9198,-8.6129,39.9198
793,-8.6129,39.9198,-8.6129,39.9198
794,-8.6129,39.9198,-8.6129,39.9198
795,-8.6129,39.9198,-8.6129,39.9198
796,-8.6129,39.9198,-8.6129,39.9198
797,-8.6129,39.9198,-8.6129,39.9198
798,-8.6129,39.9198,-8.6129,39.9198
799,-8.6129,39.9198,-8.6129,39.9198
800,-8.6129,39.9197,-8.6129,39.9197
801,-8.6129,39.9197,-8.6129,39.9197
802,-8.6129,39.9197,-8.6129,39.9197
803,-8.6129,39.9197,-8.6129,39.9197
804,-8.6129,39.9197,-8.6129,39.9197
805,-8.6129,39.9197,-8.6129,39.9197
806,-8.6130,39.9197,-8.6130,39.9197
807,-8.6129,39.9197,-8.6129,39.9197
808,-8.6130,39.9197,-8.6130,39.9197
809,-8.6130,39.9197,-8.6130,39.9197
810,-8.6129,39.9198,-8.6129,39.9198
811,-8.6129,39.9198,-8.6129,39.9198
812,-8.6133,39.9196,-8.6133,39.9196
813,-8.6145,39.9193,-8.6145,39.9193
814,-8.6162,39.9190,-8.6162,39.9190
815,-8.6165,39.9188,-8.6165,39.9188
816,-8.6164,39.9186,-8.6164,39.9186
817,-8.6164,39.9186,-8.6164,39.9186
818,-8.6164,39.9185,-8.6164,39.9185
819,-8.6164,39.9185,-8.6164,39.9185
820,-8.6164,39.9185,-8.6164,39.9185
821,-8.6164,39.9186,-8.6164,39.9186
822,-8.6164,39.9185,-8.6164,39.9185
823,-8.6164,39.9185,-8.6164,39.9185
824,-8.6164,39.9185,-8.6164,39.9185
825,-8.6164,39.9185,-8.6164,39.9185
826,-8.6164,39.9185,-8.6164,39.9185
827,-8.6164,39.9185,-8.6164,39.9185
828,-8.6164,39.9185,-8.6164,39.9185
829,-8.6164,39.9185,-8.6164,39.9185
830,-8.6164,39.9185,-8.6164,39.9185
831,-8.6164,39.9185,-8.6164,39.9185
832,-8.6164,39.9185,-8.6164,39.9185
833,-8.6164,39.9185,-8.6164,39.9185
834,-8.6164,39.9185,-8.6164,39.9185
835,-8.6164,39.9186,-8.6164,39.9186
836,-8.6164,39.9186,-8.6164,39.9186
837,-8.6164,39.9186,-8.6164,39.9186
838,-8.6164,39.9186,-8.6164,39.9186
839,-8.6164,39.9186,-8.6164,39.9186
840,-8.6164,39.9186,-8.6164,39.9186
841,-8.6164,39.9186,-8.6164,39.9186
842,-8.6164,39.9186,-8.6164,39.9186
843,-8.6164,39.9186,-8.6164,39.9186
844,-8.6164,39.9186,-8.6164,39.9186
845,-8.6164,39.9186,-8.6164,39.9186
846,-8.6164,39.9186,-8.6164,39.9186
847,-8.6164,39.9186,-8.6164,39.9186
848,-8.6164,39.9186,-8.6164,39.9186
849,-8.6164,39.9186,-8.6164,39.9186
850,-8.6164,39.9186,-8.6164,39.9186
851,-8.6164,39.9186,-8.6164,39.9186
852,-8.6164,39.9186,-8.6164,39.9186
853,-8.6164,39.9186,-8.6164,39.9186
854,-8.6164,39.9186,-8.6164,39.9186
855,-8.6164,39.9185,-8.6164,39.9185
856,-8.6164,39.9185,-8.6164,39.9185
857,-8.6164,39.9185,-8.6164,39.9185
858,-8.6164,39.9185,-8.6164,39.9185
859,-8.6164,39.9185,-8.6164,39.9185
860,-8.6164,39.9185,-8.6164,39.9185
861,-8.6164,39.9186,-8.6164,39.9186
862,-8.6164,39.9186,-8.6164,39.9186
863,-8.6164,39.9186,-8.6164,39.9186
864,-8.6164,39.9186,-8.6164,39.9186
865,-8.6164,39.9186,-8.6164,39.9186
866,-8.6164,39.9186,-8.6164,39.9186
867,-8.6164,39.9186,-8.6164,39.9186
868,-8.6164,39.9186,-8.6164,39.9186
869,-8.6164,39.9186,-8.6164,39.9186
870,-8.6164,39.9186,-8.6164,39.9186
871,-8.6164,39.9186,-8.6164,39.9186
872,-8.6164,39.9186,-8.6164,39.9186
873,-8.6164,39.9185,-8.6164,39.9185
874,-8.6164,39.9185,-8.6164,39.9185
875,-8.6164,39.9185,-8.6164,39.9185
876,-8.6164,39.9185,-8.6164,39.9185
877,-8.6164,39.9185,-8.6164,39.9185
878,-8.6164,39.9186,-8.6164,39.9186
879,-8.6164,39.9186,-8.6164,39.9186
880,-8.6164,39.9186,-8.6164,39.9186
881,-8.6164,39.9186,-8.6164,39.9186
882,-8.6164,39.9186,-8.6164,39.9186
883,-8.6164,39.9186,-8.6164,39.9186
884,-8.6164,39.9185,-8.6164,39.9185
885,-8.6164,39.9185,-8.6164,39.9185
886,-8.6164,39.9185,-8.6164,39.9185
887,-8.6164,39.9185,-8.6164,39.9185
888,-8.6164,39.9185,-8.6164,39.9185
889,-8.6164,39.9185,-8.6164,39.9185
890,-8.6164,39.9185,-8.6164,39.9185
891,-8.6164,39.9185,-8.6164,39.9185
892,-8.6164,39.9185,-8.6164,39.9185
893,-8.6164,39.9185,-8.6164,39.9185
894,-8.6164,39.9185,-8.6164,39.9185
895,-8.6164,39.9186,-8.6164,39.9186
896,-8.6164,39.9186,-8.6164,39.9186
897,-8.6164,39.9186,-8.6164,39.9186
898,-8.6164,39.9186,-8.6164,39.9186
899,-8.6164,39.9186,-8.6164,39.9186
900,-8.6164,39.9186,-8.6164,39.9186
901,-8.6164,39.9185,-8.6164,39.9185
902,-8.6164,39.9185,-8.6164,39.9185
903,-8.6164,39.9185,-8.6164,39.9185
904,-8.6164,39.9185,-8.6164,39.9185
905,-8.6164,39.9185,-8.6164,39.9185
906,-8.6164,39.9185,-8.6164,39.9185
907,-8.6164,39.9185,-8.6164,39.9185
908,-8.6164,39.9185,-8.6164,39.9185
909,-8.6164,39.9185,-8.6164,39.9185
910,-8.6164,39.9185,-8.6164,39.9185
911,-8.6164,39.9185,-8.6164,39.9185
912,-8.6164,39.9185,-8.6164,39.9185
913,-8.6164,39.9185,-8.6164,39.9185
914,-8.6164,39.9185,-8.6164,39.9185
915,-8.6164,39.9185,-8.6164,39.9185
916,-8.6164,39.9185,-8.6164,39.9185
917,-8.6164,39.9185,-8.6164,39.9185
918,-8.6164,39.9185,-8.6164,39.9185
919,-8.6164,39.9186,-8.6164,39.9186
920,-8.6164,39.9186,-8.6164,39.9186
921,-8.6164,39.9186,-8.6164,39.9186
922,-8.6164,39.9186,-8.6164,39.9186
923,-8.6164,39.9186,-8.6164,39.9186
924,-8.6164,39.9186,-8.6164,39.9186
925,-8.6164,39.9186,-8.6164,39.9186
926,-8.6164,39.9186,-8.6164,39.9186
927,-8.6164,39.9186,-8.6164,39.9186
928,-8.6164,39.9186,-8.6164,39.9186
929,-8.6164,39.9186,-8.6164,39.9186
930,-8.6164,39.9185,-8.6164,39.9185
931,-8.6164,39.9185,-8.6164,39.9185
932,-8.6164,39.9186,-8.6164,39.9186
933,-8.6164,39.9186,-8.6164,39.9186
934,-8.6164,39.9186,-8.6164,39.9186
935,-8.6164,39.9185,-8.6164,39.9185
936,-8.6164,39.9185,-8.6164,39.9185
937,-8.6164,39.9185,-8.6164,39.9185
938,-8.6164,39.9185,-8.6164,39.9185
939,-8.6164,39.9185,-8.6164,39.9185
940,-8.6164,39.9185,-8.6164,39.9185
941,-8.6164,39.9185,-8.6164,39.9185
942,-8.6164,39.9185,-8.6164,39.9185
943,-8.6164,39.9185,-8.6164,39.9185
944,-8.6164,39.9185,-8.6164,39.9185
945,-8.6164,39.9185,-8.6164,39.9185
946,-8.6164,39.9184,-8.6164,39.9184
947,-8.6164,39.9185,-8.6164,39.9185
948,-8.6164,39.9185,-8.6164,39.9185
949,-8.6164,39.9185,-8.6164,39.9185
950,-8.6164,39.9184,-8.6164,39.9184
951,-8.6164,39.9184,-8.6164,39.9184
952,-8.6164,39.9184,-8.6164,39.9184
953,-8.6164,39.9184,-8.6164,39.9184
954,-8.6164,39.9185,-8.6164,39.9185
955,-8.6164,39.9185,-8.6164,39.9185
956,-8.6164,39.9185,-8.6164,39.9185
957,-8.6164,39.9185,-8.6164,39.9185
958,-8.6164,39.9185,-8.6164,39.9185
959,-8.6164,39.9185,-8.6164,39.9185
960,-8.6164,39.9185,-8.6164,39.9185
961,-8.6164,39.9185,-8.6164,39.9185
962,-8.6164,39.9185,-8.6164,39.9185
963,-8.6164,39.9185,-8.6164,39.9185
964,-8.6164,39.9185,-8.6164,39.9185
965,-8.6164,39.9185,-8.6164,39.9185
966,-8.6164,39.9185,-8.6164,39.9185
967,-8.6164,39.9185,-8.6164,39.9185
968,-8.6164,39.9185,-8.6164,39.9185
969,-8.6164,39.9185,-8.6164,39.9185
970,-8.6164,39.9185,-8.6164,39.9185
971,-8.6164,39.9185,-8.6164,39.9185
972,-8.6164,39.9185,-8.6164,39.9185
973,-8.6164,39.9185,-8.6164,39.9185
974,-8.6164,39.9185,-8.6164,39.9185
975,-8.6164,39.9185,-8.6164,39.9185
976,-8.6164,39.9185,-8.6164,39.9185
977,-8.6164,39.9185,-8.6164,39.9185
978,-8.6164,39.9185,-8.6164,39.9185
979,-8.6164,39.9185,-8.6164,39.9185
980,-8.6164,39.9185,-8.6164,39.9185
981,-8.6164,39.9186,-8.6164,39.9186
982,-8.6164,39.9186,-8.6164,39.9186
983,-8.6164,39.9186,-8.6164,39.9186
984,-8.6164,39.9186,-8.6164,39.9186
985,-8.6164,39.9186,-8.6164,39.9186
986,-8.6164,39.9185,-8.6164,39.9185
987,-8.6164,39.9185,-8.6164,39.9185
988,-8.6164,39.9185,-8.6164,39.9185
989,-8.6164,39.9186,-8.6164,39.9186
990,-8.6164,39.9186,-8.6164,39.9186
991,-8.6164,39.9186,-8.6164,39.9186
992,-8.6164,39.9186,-8.6164,39.9186
993,-8.6164,39.9186,-8.6164,39.9186
994,-8.6164,39.9186,-8.6164,39.9186
995,-8.6164,39.9186,-8.6164,39.9186
996,-8.6164,39.9186,-8.6164,39.9186
997,-8.6164,39.9186,-8.6164,39.9186
998,-8.6164,39.9186,-8.6164,39.9186
999,-8.6164,39.9186,-8.6164,39.9186
1000,-8.6164,39.9185,-8.6164,39.9185
1001,-8.6164,39.9185,-8.6164,39.9185
1002,-8.6164,39.9185,-8.6164,39.9185
1003,-8.6164,39.9185,-8.6164,39.9185
1004,-8.6164,39.9185,-8.6164,39.9185
1005,-8.6164,39.9185,-8.6164,39.9185
1006,-8.6164,39.9185,-8.6164,39.9185
1007,-8.6164,39.9185,-8.6164,39.9185
1008,-8.6164,39.9186,-8.6164,39.9186
1009,-8.6164,39.9186,-8.6164,39.9186
1010,-8.6164,39.9186,-8.6164,39.9186
1011,-8.6164,39.9186,-8.6164,39.9186
1012,-8.6164,39.9186,-8.6164,39.9186
1013,-8.6164,39.9186,-8.6164,39.9186
1014,-8.6164,39.9186,-8.6164,39.9186
1015,-8.6164,39.9186,-8.6164,39.9186
1016,-8.6164,39.9186,-8.6164,39.9186
1017,-8.6164,39.9186,-8.6164,39.9186
1018,-8.6164,39.9186,-8.6164,39.9186
1019,-8.6164,39.9186,-8.6164,39.9186
1020,-8.6164,39.9186,-8.6164,39.9186
1021,-8.6164,39.9186,-8.6164,39.9186
1022,-8.6164,39.9186,-8.6164,39.9186
1023,-8.6164,39.9185,-8.6164,39.9185
1024,-8.6164,39.9185,-8.6164,39.9185
1025,-8.6164,39.9185,-8.6164,39.9185
1026,-8.6164,39.9186,-8.6164,39.9186
1027,-8.6165,39.9185,-8.6165,39.9185
1028,-8.6175,39.9177,-8.6175,39.9177
1029,-8.6189,39.9171,-8.6189,39.9171
1030,-8.6206,39.9189,-8.6206,39.9189
1031,-8.6230,39.9208,-8.6230,39.9208
1032,-8.6266,39.9215,-8.6266,39.9215
1033,-8.6288,39.9221,-8.6288,39.9221
1034,-8.6291,39.9227,-8.6291,39.9227
1035,-8.6291,39.9227,-8.6291,39.9227
1036,-8.6291,39.9227,-8.6291,39.9227
1037,-8.6291,39.9227,-8.6291,39.9227
1038,-8.6297,39.9226,-8.6297,39.9226
1039,-8.6318,39.9215,-8.6318,39.9215
1040,-8.6338,39.9196,-8.6338,39.9196
1041,-8.6336,39.9172,-8.6336,39.9172
1042,-8.6332,39.9147,-8.6332,39.9147
1043,-8.6328,39.9119,-8.6328,39.9119
1044,-8.6325,39.9094,-8.6325,39.9094
1045,-8.6333,39.9068,-8.6333,39.9068
1046,-8.6342,39.9041,-8.6342,39.9041
1047,-8.6371,39.9013,-8.6371,39.9013
1048,-8.6419,39.8995,-8.6419,39.8995
1049,-8.6470,39.8979,-8.6470,39.8979
1050,-8.6518,39.8963,-8.6518,39.8963
1051,-8.6556,39.8948,-8.6556,39.8948
1052,-8.6585,39.8932,-8.6585,39.8932
1053,-8.6612,39.8917,-8.6612,39.8917
1054,-8.6640,39.8901,-8.6640,39.8901
1055,-8.6667,39.8885,-8.6667,39.8885
1056,-8.6693,39.8871,-8.6693,39.8871
1057,-8.6717,39.8854,-8.6717,39.8854
1058,-8.6739,39.8836,-8.6739,39.8836
1059,-8.6762,39.8818,-8.6762,39.8818
1060,-8.6784,39.8800,-8.6784,39.8800
1061,-8.6807,39.8781,-8.6807,39.8781
1062,-8.6830,39.8767,-8.6830,39.8767
1063,-8.6856,39.8755,-8.6856,39.8755
1064,-8.6876,39.8742,-8.6876,39.8742
1065,-8.6893,39.8728,-8.6893,39.8728
1066,-8.6912,39.8713,-8.6912,39.8713
1067,-8.6932,39.8697,-8.6932,39.8697
1068,-8.6949,39.8679,-8.6949,39.8679
1069,-8.6961,39.8658,-8.6961,39.8658
1070,-8.6973,39.8639,-8.6973,39.8639
1071,-8.6984,39.8620,-8.6984,39.8620
1072,-8.6998,39.8598,-8.6998,39.8598
1073,-8.7012,39.8574,-8.7012,39.8574
1074,-8.7025,39.8550,-8.7025,39.8550
1075,-8.7030,39.8530,-8.7030,39.8530
1076,-8.7033,39.8511,-8.7033,39.8511
1077,-8.7037,39.8491,-8.7037,39.8491
1078,-8.7043,39.8477,-8.7043,39.8477
1079,-8.7054,39.8466,-8.7054,39.8466
1080,-8.7066,39.8454,-8.7066,39.8454
1081,-8.7082,39.8443,-8.7082,39.8443
1082,-8.7104,39.8428,-8.7104,39.8428
1083,-8.7126,39.8412,-8.7126,39.8412
1084,-8.7147,39.8394,-8.7147,39.8394
1085,-8.7161,39.8373,-8.7161,39.8373
1086,-8.7175,39.8353,-8.7175,39.8353
1087,-8.7190,39.8332,-8.7190,39.8332
1088,-8.7204,39.8312,-8.7204,39.8312
1089,-8.7217,39.8293,-8.7217,39.8293
1090,-8.7229,39.8276,-8.7229,39.8276
1091,-8.7237,39.8265,-8.7237,39.8265
1092,-8.7252,39.8249,-8.7252,39.8249
1093,-8.7266,39.8235,-8.7266,39.8235
1094,-8.7272,39.8217,-8.7272,39.8217
1095,-8.7276,39.8196,-8.7276,39.8196
1096,-8.7293,39.8175,-8.7293,39.8175
1097,-8.7315,39.8158,-8.7315,39.8158
1098,-8.7345,39.8140,-8.7345,39.8140
1099,-8.7374,39.8123,-8.7374,39.8123
1100,-8.7403,39.8104,-8.7403,39.8104
1101,-8.7420,39.8078,-8.7420,39.8078
1102,-8.7417,39.8049,-8.7417,39.8049
1103,-8.7434,39.8015,-8.7434,39.8015
1104,-8.7456,39.7984,-8.7456,39.7984
1105,-8.7465,39.7948,-8.7465,39.7948
1106,-8.7474,39.7913,-8.7474,39.7913
1107,-8.7484,39.7891,-8.7484,39.7891
1108,-8.7507,39.7869,-8.7507,39.7869
1109,-8.7535,39.7846,-8.7535,39.7846
1110,-8.7557,39.7825,-8.7557,39.7825
1111,-8.7578,39.7800,-8.7578,39.7800
1112,-8.7607,39.7776,-8.7607,39.7776
1113,-8.7636,39.7753,-8.7636,39.7753
1114,-8.7657,39.7733,-8.7657,39.7733
1115,-8.7664,39.7726,-8.7664,39.7726
1116,-8.7665,39.7726,-8.7665,39.7726
1117,-8.7665,39.7726,-8.7665,39.7726
1118,-8.7672,39.7719,-8.7672,39.7719
1119,-8.7684,39.7707,-8.7684,39.7707
1120,-8.7705,39.7695,-8.7705,39.7695
1121,-8.7729,39.7684,-8.7729,39.7684
1122,-8.7754,39.7673,-8.7754,39.7673
1123,-8.7779,39.7667,-8.7779,39.7667
1124,-8.7786,39.7660,-8.7786,39.7660
1125,-8.7780,39.7643,-8.7780,39.7643
1126,-8.7766,39.7609,-8.7766,39.7609
1127,-8.7755,39.7565,-8.7755,39.7565
1128,-8.7755,39.7521,-8.7755,39.7521
1129,-8.7746,39.7481,-8.7746,39.7481
1130,-8.7720,39.7449,-8.7720,39.7449
1131,-8.7690,39.7426,-8.7690,39.7426
1132,-8.7686,39.7398,-8.7686,39.7398
1133,-8.7705,39.7379,-8.7705,39.7379
1134,-8.7717,39.7372,-8.7717,39.7372
1135,-8.7697,39.7362,-8.7697,39.7362
1136,-8.7677,39.7355,-8.7677,39.7355
1137,-8.7650,39.7350,-8.7650,39.7350
1138,-8.7625,39.7340,-8.7625,39.7340
1139,-8.7606,39.7333,-8.7606,39.7333
1140,-8.7585,39.7332,-8.7585,39.7332
1141,-8.7551,39.7341,-8.7551,39.7341
1142,-8.7514,39.7341,-8.7514,39.7341
1143,-8.7481,39.7333,-8.7481,39.7333
1144,-8.7453,39.7316,-8.7453,39.7316
1145,-8.7443,39.7298,-8.7443,39.7298
1146,-8.7423,39.7280,-8.7423,39.7280
1147,-8.7394,39.7275,-8.7394,39.7275
1148,-8.7365,39.7269,-8.7365,39.7269
1149,-8.7338,39.7269,-8.7338,39.7269
1150,-8.7299,39.7269,-8.7299,39.7269
1151,-8.7269,39.7252,-8.7269,39.7252
1152,-8.7249,39.7233,-8.7249,39.7233
1153,-8.7225,39.7213,-8.7225,39.7213
1154,-8.7198,39.7195,-8.7198,39.7195
1155,-8.7165,39.7189,-8.7165,39.7189
1156,-8.7131,39.7185,-8.7131,39.7185
1157,-8.7111,39.7170,-8.7111,39.7170
1158,-8.7087,39.7162,-8.7087,39.7162
1159,-8.7061,39.7160,-8.7061,39.7160
1160,-8.7040,39.7168,-8.7040,39.7168
1161,-8.7021,39.7166,-8.7021,39.7166
1162,-8.6996,39.7156,-8.6996,39.7156
1163,-8.6978,39.7137,-8.6978,39.7137
1164,-8.6964,39.7114,-8.6964,39.7114
1165,-8.6960,39.7092,-8.6960,39.7092
1166,-8.6945,39.7072,-8.6945,39.7072
1167,-8.6930,39.7046,-8.6930,39.7046
1168,-8.6910,39.7027,-8.6910,39.7027
1169,-8.6883,39.7013,-8.6883,39.7013
1170,-8.6859,39.7004,-8.6859,39.7004
1171,-8.6847,39.6990,-8.6847,39.6990
1172,-8.6825,39.6982,-8.6825,39.6982
1173,-8.6807,39.6970,-8.6807,39.6970
1174,-8.6794,39.6951,-8.6794,39.6951
1175,-8.6779,39.6934,-8.6779,39.6934
1176,-8.6753,39.6916,-8.6753,39.6916
1177,-8.6728,39.6891,-8.6728,39.6891
1178,-8.6704,39.6867,-8.6704,39.6867
1179,-8.6692,39.6843,-8.6692,39.6843
1180,-8.6677,39.6826,-8.6677,39.6826
1181,-8.6675,39.6807,-8.6675,39.6807
1182,-8.6701,39.6791,-8.6701,39.6791
1183,-8.6729,39.6776,-8.6729,39.6776
1184,-8.6754,39.6756,-8.6754,39.6756
1185,-8.6771,39.6731,-8.6771,39.6731
1186,-8.6779,39.6723,-8.6779,39.6723
1187,-8.6795,39.6714,-8.6795,39.6714
1188,-8.6818,39.6718,-8.6818,39.6718
1189,-8.6836,39.6715,-8.6836,39.6715
1190,-8.6841,39.6699,-8.6841,39.6699
1191,-8.6841,39.6681,-8.6841,39.6681
1192,-8.6846,39.6664,-8.6846,39.6664
1193,-8.6853,39.6651,-8.6853,39.6651
1194,-8.6867,39.6636,-8.6867,39.6636
1195,-8.6880,39.6623,-8.6880,39.6623
1196,-8.6885,39.6608,-8.6885,39.6608
1197,-8.6885,39.6601,-8.6885,39.6601
1198,-8.6885,39.6601,-8.6885,39.6601
1199,-8.6886,39.6596,-8.6886,39.6596
1200,-8.6885,39.6581,-8.6885,39.6581
1201,-8.6878,39.6559,-8.6878,39.6559
1202,-8.6873,39.6534,-8.6873,39.6534
1203,-8.6869,39.6508,-8.6869,39.6508
1204,-8.6863,39.6481,-8.6863,39.6481
1205,-8.6859,39.6457,-8.6859,39.6457
1206,-8.6855,39.6437,-8.6855,39.6437
1207,-8.6851,39.6415,-8.6851,39.6415
1208,-8.6848,39.6403,-8.6848,39.6403
1209,-8.6844,39.6403,-8.6844,39.6403
1210,-8.6844,39.6404,-8.6844,39.6404
1211,-8.6843,39.6404,-8.6843,39.6404
1212,-8.6844,39.6403,-8.6844,39.6403
1213,-8.6843,39.6404,-8.6843,39.6404
1214,-8.6843,39.6404,-8.6843,39.6404
1215,-8.6844,39.6404,-8.6844,39.6404
1216,-8.6844,39.6404,-8.6844,39.6404
1217,-8.6845,39.6404,-8.6845,39.6404
1218,-8.6845,39.6404,-8.6845,39.6404
1219,-8.6845,39.6403,-8.6845,39.6403
1220,-8.6845,39.6403,-8.6845,39.6403
1221,-8.6844,39.6403,-8.6844,39.6403
1222,-8.6844,39.6404,-8.6844,39.6404
1223,-8.6844,39.6404,-8.6844,39.6404
1224,-8.6844,39.6404,-8.6844,39.6404
1225,-8.6844,39.6404,-8.6844,39.6404
1226,-8.6843,39.6404,-8.6843,39.6404
1227,-8.6844,39.6404,-8.6844,39.6404
1228,-8.6845,39.6404,-8.6845,39.6404
1229,-8.6845,39.6404,-8.6845,39.6404
1230,-8.6845,39.6404,-8.6845,39.6404
1231,-8.6845,39.6403,-8.6845,39.6403
1232,-8.6845,39.6403,-8.6845,39.6403
1233,-8.6845,39.6403,-8.6845,39.6403
1234,-8.6845,39.6403,-8.6845,39.6403
1235,-8.6845,39.6403,-8.6845,39.6403
1236,-8.6845,39.6403,-8.6845,39.6403
1237,-8.6845,39.6403,-8.6845,39.6403
1238,-8.6845,39.6403,-8.6845,39.6403
1239,-8.6845,39.6403,-8.6845,39.6403
1240,-8.6845,39.6403,-8.6845,39.6403
1241,-8.6845,39.6403,-8.6845,39.6403
1242,-8.6845,39.6403,-8.6845,39.6403
1243,-8.6845,39.6403,-8.6845,39.6403
1244,-8.6845,39.6403,-8.6845,39.6403
1245,-8.6845,39.6403,-8.6845,39.6403
1246,-8.6845,39.6403,-8.6845,39.6403
1247,-8.6845,39.6403,-8.6845,39.6403
1248,-8.6845,39.6403,-8.6845,39.6403
1249,-8.6845,39.6403,-8.6845,39.6403
1250,-8.6845,39.6403,-8.6845,39.6403
1251,-8.6845,39.6403,-8.6845,39.6403
1252,-8.6845,39.6403,-8.6845,39.6403
1253,-8.6845,39.6403,-8.6845,39.6403
1254,-8.6845,39.6403,-8.6845,39.6403
1255,-8.6845,39.6403,-8.6845,39.6403
1256,-8.6845,39.6403,-8.6845,39.6403
1257,-8.6845,39.6403,-8.6845,39.6403
1258,-8.6844,39.6403,-8.6844,39.6403
1259,-8.6844,39.6403,-8.6844,39.6403
1260,-8.6844,39.6403,-8.6844,39.6403
1261,-8.6844,39.6403,-8.6844,39.6403
1262,-8.6845,39.6403,-8.6845,39.6403
1263,-8.6845,39.6403,-8.6845,39.6403
1264,-8.6845,39.6403,-8.6845,39.6403
1265,-8.6845,39.6403,-8.6845,39.6403
1266,-8.6845,39.6403,-8.6845,39.6403
1267,-8.6844,39.6403,-8.6844,39.6403
1268,-8.6844,39.6403,-8.6844,39.6403
1269,-8.6844,39.6403,-8.6844,39.6403
1270,-8.6844,39.6403,-8.6844,39.6403
1271,-8.6844,39.6403,-8.6844,39.6403
1272,-8.6844,39.6403,-8.6844,39.6403
1273,-8.6844,39.6403,-8.6844,39.6403
1274,-8.6844,39.6403,-8.6844,39.6403
1275,-8.6844,39.6403,-8.6844,39.6403
1276,-8.6844,39.6403,-8.6844,39.6403
1277,-8.6844,39.6403,-8.6844,39.6403
1278,-8.6844,39.6403,-8.6844,39.6403
1279,-8.6844,39.6403,-8.6844,39.6403
1280,-8.6844,39.6403,-8.6844,39.6403
1281,-8.6844,39.6403,-8.6844,39.6403
1282,-8.6844,39.6403,-8.6844,39.6403
1283,-8.6844,39.6404,-8.6844,39.6404
1284,-8.6844,39.6403,-8.6844,39.6403
1285,-8.6844,39.6403,-8.6844,39.6403
1286,-8.6845,39.6403,-8.6845,39.6403
1287,-8.6845,39.6403,-8.6845,39.6403
1288,-8.6845,39.6403,-8.6845,39.6403
1289,-8.6845,39.6403,-8.6845,39.6403
1290,-8.6845,39.6403,-8.6845,39.6403
1291,-8.6845,39.6403,-8.6845,39.6403
1292,-8.6845,39.6403,-8.6845,39.6403
1293,-8.6845,39.6403,-8.6845,39.6403
1294,-8.6845,39.6403,-8.6845,39.6403
1295,-8.6845,39.6403,-8.6845,39.6403
1296,-8.6845,39.6403,-8.6845,39.6403
1297,-8.6845,39.6403,-8.6845,39.6403
1298,-8.6844,39.6404,-8.6844,39.6404
1299,-8.6844,39.6404,-8.6844,39.6404
1300,-8.6844,39.6404,-8.6844,39.6404
1301,-8.6843,39.6403,-8.6843,39.6403
1302,-8.6843,39.6403,-8.6843,39.6403
1303,-8.6844,39.6404,-8.6844,39.6404
1304,-8.6844,39.6404,-8.6844,39.6404
1305,-8.6844,39.6404,-8.6844,39.6404
1306,-8.6844,39.6404,-8.6844,39.6404
1307,-8.6844,39.6404,-8.6844,39.6404
1308,-8.6844,39.6404,-8.6844,39.6404
1309,-8.6843,39.6404,-8.6843,39.6404
1310,-8.6844,39.6404,-8.6844,39.6404
1311,-8.6844,39.6404,-8.6844,39.6404
1312,-8.6844,39.6403,-8.6844,39.6403
1313,-8.6844,39.6403,-8.6844,39.6403
1314,-8.6844,39.6403,-8.6844,39.6403
1315,-8.6844,39.6403,-8.6844,39.6403
1316,-8.6844,39.6403,-8.6844,39.6403
1317,-8.6844,39.6403,-8.6844,39.6403
1318,-8.6844,39.6403,-8.6844,39.6403
1319,-8.6844,39.6403,-8.6844,39.6403
1320,-8.6844,39.6403,-8.6844,39.6403
1321,-8.6844,39.6403,-8.6844,39.6403
1322,-8.6844,39.6403,-8.6844,39.6403
1323,-8.6844,39.6403,-8.6844,39.6403
1324,-8.6844,39.6404,-8.6844,39.6404
1325,-8.6844,39.6404,-8.6844,39.6404
1326,-8.6844,39.6404,-8.6844,39.6404
1327,-8.6844,39.6404,-8.6844,39.6404
1328,-8.6844,39.6404,-8.6844,39.6404
1329,-8.6844,39.6404,-8.6844,39.6404
1330,-8.6844,39.6404,-8.6844,39.6404
1331,-8.6847,39.6404,-8.6847,39.6404
1332,-8.6849,39.6403,-8.6849,39.6403
1333,-8.6848,39.6392,-8.6848,39.6392
1334,-8.6844,39.6376,-8.6844,39.6376
1335,-8.6841,39.6356,-8.6841,39.6356
1336,-8.6841,39.6346,-8.6841,39.6346
1337,-8.6833,39.6344,-8.6833,39.6344
1338,-8.6817,39.6338,-8.6817,39.6338
1339,-8.6806,39.6333,-8.6806,39.6333
1340,-8.6794,39.6327,-8.6794,39.6327
1341,-8.6790,39.6324,-8.6790,39.6324
1342,-8.6785,39.6321,-8.6785,39.6321
1343,-8.6774,39.6319,-8.6774,39.6319
1344,-8.6768,39.6324,-8.6768,39.6324
1345,-8.6762,39.6321,-8.6762,39.6321
1346,-8.6762,39.6321,-8.6762,39.6321
1347,-8.6762,39.6320,-8.6762,39.6320
1348,-8.6762,39.6320,-8.6762,39.6320
1349,-8.6762,39.6320,-8.6762,39.6320
1350,-8.6763,39.6320,-8.6763,39.6320
1351,-8.6763,39.6320,-8.6763,39.6320
1352,-8.6763,39.6320,-8.6763,39.6320
1353,-8.6763,39.6320,-8.6763,39.6320
1354,-8.6763,39.6320,-8.6763,39.6320
1355,-8.6763,39.6320,-8.6763,39.6320
1356,-8.6763,39.6320,-8.6763,39.6320
1357,-8.6763,39.6320,-8.6763,39.6320
1358,-8.6763,39.6320,-8.6763,39.6320
1359,-8.6763,39.6320,-8.6763,39.6320
1360,-8.6763,39.6320,-8.6763,39.6320
1361,-8.6763,39.6320,-8.6763,39.6320
1362,-8.6763,39.6320,-8.6763,39.6320
1363,-8.6762,39.6320,-8.6762,39.6320
1364,-8.6762,39.6320,-8.6762,39.6320
1365,-8.6762,39.6320,-8.6762,39.6320
1366,-8.6762,39.6320,-8.6762,39.6320
1367,-8.6762,39.6320,-8.6762,39.6320
1368,-8.6763,39.6320,-8.6763,39.6320
1369,-8.6763,39.6320,-8.6763,39.6320
1370,-8.6763,39.6320,-8.6763,39.6320
1371,-8.6763,39.6320,-8.6763,39.6320
1372,-8.6763,39.6320,-8.6763,39.6320
1373,-8.6763,39.6320,-8.6763,39.6320
1374,-8.6763,39.6320,-8.6763,39.6320
1375,-8.6762,39.6320,-8.6762,39.6320
1376,-8.6762,39.6320,-8.6762,39.6320
1377,-8.6762,39.6320,-8.6762,39.6320
1378,-8.6762,39.6320,-8.6762,39.6320
1379,-8.6762,39.6320,-8.6762,39.6320
1380,-8.6762,39.6320,-8.6762,39.6320
1381,-8.6762,39.6320,-8.6762,39.6320
1382,-8.6762,39.6320,-8.6762,39.6320
1383,-8.6762,39.6320,-8.6762,39.6320
1384,-8.6762,39.6320,-8.6762,39.6320
1385,-8.6762,39.6320,-8.6762,39.6320
1386,-8.6762,39.6320,-8.6762,39.6320
1387,-8.6763,39.6320,-8.6763,39.6320
1388,-8.6762,39.6320,-8.6762,39.6320
1389,-8.6762,39.6320,-8.6762,39.6320
1390,-8.6762,39.6320,-8.6762,39.6320
1391,-8.6762,39.6320,-8.6762,39.6320
1392,-8.6762,39.6320,-8.6762,39.6320
1393,-8.6762,39.6320,-8.6762,39.6320
1394,-8.6762,39.6319,-8.6762,39.6319
1395,-8.6762,39.6320,-8.6762,39.6320
1396,-8.6762,39.6320,-8.6762,39.6320
1397,-8.6762,39.6320,-8.6762,39.6320
1398,-8.6762,39.6320,-8.6762,39.6320
1399,-8.6762,39.6319,-8.6762,39.6319
1400,-8.6762,39.6319,-8.6762,39.6319
1401,-8.6762,39.6319,-8.6762,39.6319
1402,-8.6762,39.6319,-8.6762,39.6319
1403,-8.6762,39.6319,-8.6762,39.6319
1404,-8.6762,39.6319,-8.6762,39.6319
1405,-8.6762,39.6319,-8.6762,39.6319
1406,-8.6762,39.6319,-8.6762,39.6319
1407,-8.6762,39.6320,-8.6762,39.6320
1408,-8.6762,39.6320,-8.6762,39.6320
1409,-8.6762,39.6320,-8.6762,39.6320
1410,-8.6762,39.6320,-8.6762,39.6320
1411,-8.6762,39.6319,-8.6762,39.6319
1412,-8.6762,39.6319,-8.6762,39.6319
1413,-8.6762,39.6319,-8.6762,39.6319
1414,-8.6762,39.6319,-8.6762,39.6319
1415,-8.6762,39.6319,-8.6762,39.6319
1416,-8.6762,39.6319,-8.6762,39.6319
1417,-8.6762,39.6319,-8.6762,39.6319
1418,-8.6762,39.6319,-8.6762,39.6319
1419,-8.6762,39.6319,-8.6762,39.6319
1420,-8.6762,39.6319,-8.6762,39.6319
1421,-8.6762,39.6319,-8.6762,39.6319
1422,-8.6762,39.6320,-8.6762,39.6320
1423,-8.6762,39.6320,-8.6762,39.6320
1424,-8.6762,39.6320,-8.6762,39.6320
1425,-8.6762,39.6320,-8.6762,39.6320
1426,-8.6762,39.6320,-8.6762,39.6320
1427,-8.6762,39.6320,-8.6762,39.6320
1428,-8.6762,39.6320,-8.6762,39.6320
1429,-8.6762,39.6321,-8.6762,39.6321
1430,-8.6762,39.6321,-8.6762,39.6321
1431,-8.6762,39.6320,-8.6762,39.6320
1432,-8.6762,39.6321,-8.6762,39.6321
1433,-8.6762,39.6321,-8.6762,39.6321
1434,-8.6762,39.6320,-8.6762,39.6320
1435,-8.6762,39.6320,-8.6762,39.6320
1436,-8.6762,39.6320,-8.6762,39.6320
1437,-8.6762,39.6320,-8.6762,39.6320
1438,-8.6762,39.6320,-8.6762,39.6320
1439,-8.6762,39.6320,-8.6762,39.6320
1440,-8.6762,39.6320,-8.6762,39.6320
1441,-8.6762,39.6320,-8.6762,39.6320
1442,-8.6762,39.6320,-8.6762,39.6320
1443,-8.6762,39.6319,-8.6762,39.6319
1444,-8.6762,39.6319,-8.6762,39.6319
1445,-8.6762,39.6319,-8.6762,39.6319
1446,-8.6762,39.6320,-8.6762,39.6320
1447,-8.6762,39.6320,-8.6762,39.6320
1448,-8.6762,39.6320,-8.6762,39.6320
1449,-8.6762,39.6320,-8.6762,39.6320
1450,-8.6762,39.6320,-8.6762,39.6320
1451,-8.6762,39.6320,-8.6762,39.6320
1452,-8.6762,39.6320,-8.6762,39.6320
1453,-8.6762,39.6320,-8.6762,39.6320
1454,-8.6762,39.6320,-8.6762,39.6320
1455,-8.6762,39.6320,-8.6762,39.6320
1456,-8.6762,39.6320,-8.6762,39.6320
1457,-8.6762,39.6320,-8.6762,39.6320
1458,-8.6762,39.6320,-8.6762,39.6320
1459,-8.6762,39.6320,-8.6762,39.6320
1460,-8.6762,39.6320,-8.6762,39.6320
1461,-8.6762,39.6320,-8.6762,39.6320
1462,-8.6762,39.6320,-8.6762,39.6320
1463,-8.6762,39.6320,-8.6762,39.6320
1464,-8.6762,39.6320,-8.6762,39.6320
1465,-8.6762,39.6320,-8.6762,39.6320
1466,-8.6762,39.6320,-8.6762,39.6320
1467,-8.6761,39.6317,-8.6761,39.6317
1468,-8.6761,39.6315,-8.6761,39.6315
1469,-8.6760,39.6313,-8.6760,39.6313
1470,-8.6760,39.6313,-8.6760,39.6313
1471,-8.6760,39.6314,-8.6760,39.6314
1472,-8.6760,39.6314,-8.6760,39.6314
1473,-8.6760,39.6315,-8.6760,39.6315
1474,-8.6761,39.6316,-8.6761,39.6316
1475,-8.6761,39.6317,-8.6761,39.6317
1476,-8.6761,39.6317,-8.6761,39.6317
1477,-8.6761,39.6317,-8.6761,39.6317
1478,-8.6761,39.6317,-8.6761,39.6317
1479,-8.6762,39.6318,-8.6762,39.6318
1480,-8.6762,39.6318,-8.6762,39.6318
1481,-8.6762,39.6318,-8.6762,39.6318
1482,-8.6762,39.6318,-8.6762,39.6318
1483,-8.6762,39.6318,-8.6762,39.6318
1484,-8.6762,39.6318,-8.6762,39.6318
1485,-8.6761,39.6318,-8.6761,39.6318
1486,-8.6761,39.6318,-8.6761,39.6318
1487,-8.6762,39.6319,-8.6762,39.6319
1488,-8.6762,39.6319,-8.6762,39.6319
1489,-8.6762,39.6319,-8.6762,39.6319
1490,-8.6762,39.6319,-8.6762,39.6319
1491,-8.6761,39.6318,-8.6761,39.6318
1492,-8.6761,39.6318,-8.6761,39.6318
1493,-8.6761,39.6318,-8.6761,39.6318
1494,-8.6761,39.6319,-8.6761,39.6319
1495,-8.6761,39.6318,-8.6761,39.6318
1496,-8.6761,39.6318,-8.6761,39.6318
1497,-8.6761,39.6318,-8.6761,39.6318
1498,-8.6762,39.6319,-8.6762,39.6319
1499,-8.6762,39.6319,-8.6762,39.6319
1500,-8.6762,39.6319,-8.6762,39.6319
1501,-8.6761,39.6318,-8.6761,39.6318
1502,-8.6761,39.6317,-8.6761,39.6317
1503,-8.6761,39.6317,-8.6761,39.6317
1504,-8.6761,39.6318,-8.6761,39.6318
1505,-8.6761,39.6318,-8.6761,39.6318
1506,-8.6761,39.6318,-8.6761,39.6318
1507,-8.6762,39.6318,-8.6762,39.6318
1508,-8.6762,39.6319,-8.6762,39.6319
1509,-8.6762,39.6319,-8.6762,39.6319
1510,-8.6762,39.6320,-8.6762,39.6320
1511,-8.6762,39.6320,-8.6762,39.6320
1512,-8.6762,39.6320,-8.6762,39.6320
1513,-8.6762,39.6320,-8.6762,39.6320
1514,-8.6762,39.6320,-8.6762,39.6320
1515,-8.6762,39.6320,-8.6762,39.6320
1516,-8.6762,39.6320,-8.6762,39.6320
1517,-8.6762,39.6320,-8.6762,39.6320
1518,-8.6762,39.6320,-8.6762,39.6320
1519,-8.6762,39.6320,-8.6762,39.6320
1520,-8.6762,39.6320,-8.6762,39.6320
1521,-8.6762,39.6320,-8.6762,39.6320
1522,-8.6762,39.6320,-8.6762,39.6320
1523,-8.6762,39.6320,-8.6762,39.6320
1524,-8.6762,39.6320,-8.6762,39.6320
1525,-8.6762,39.6320,-8.6762,39.6320
1526,-8.6762,39.6320,-8.6762,39.6320
1527,-8.6762,39.6319,-8.6762,39.6319
1528,-8.6762,39.6319,-8.6762,39.6319
1529,-8.6762,39.6320,-8.6762,39.6320
1530,-8.6762,39.6319,-8.6762,39.6319
1531,-8.6762,39.6320,-8.6762,39.6320
1532,-8.6762,39.6319,-8.6762,39.6319
1533,-8.6762,39.6319,-8.6762,39.6319
1534,-8.6762,39.6319,-8.6762,39.6319
1535,-8.6762,39.6320,-8.6762,39.6320
1536,-8.6762,39.6320,-8.6762,39.6320
1537,-8.6761,39.6319,-8.6761,39.6319
1538,-8.6761,39.6318,-8.6761,39.6318
1539,-8.6761,39.6318,-8.6761,39.6318
1540,-8.6761,39.6318,-8.6761,39.6318
1541,-8.6761,39.6317,-8.6761,39.6317
1542,-8.6762,39.6318,-8.6762,39.6318
1543,-8.6762,39.6318,-8.6762,39.6318
1544,-8.6762,39.6319,-8.6762,39.6319
1545,-8.6762,39.6319,-8.6762,39.6319
1546,-8.6762,39.6319,-8.6762,39.6319
1547,-8.6762,39.6319,-8.6762,39.6319
1548,-8.6762,39.6320,-8.6762,39.6320
1549,-8.6762,39.6320,-8.6762,39.6320
1550,-8.6762,39.6320,-8.6762,39.6320
1551,-8.6762,39.6320,-8.6762,39.6320
1552,-8.6762,39.6320,-8.6762,39.6320
1553,-8.6762,39.6320,-8.6762,39.6320
1554,-8.6762,39.6320,-8.6762,39.6320
1555,-8.6762,39.6320,-8.6762,39.6320
1556,-8.6762,39.6320,-8.6762,39.6320
1557,-8.6760,39.6319,-8.6760,39.6319
1558,-8.6754,39.6313,-8.6754,39.6313
1559,-8.6757,39.6309,-8.6757,39.6309
1560,-8.6768,39.6301,-8.6768,39.6301
1561,-8.6777,39.6296,-8.6777,39.6296
1562,-8.6787,39.6303,-8.6787,39.6303
1563,-8.6798,39.6311,-8.6798,39.6311
1564,-8.6805,39.6318,-8.6805,39.6318
1565,-8.6812,39.6324,-8.6812,39.6324
1566,-8.6820,39.6330,-8.6820,39.6330
1567,-8.6831,39.6339,-8.6831,39.6339
1568,-8.6835,39.6345,-8.6835,39.6345
1569,-8.6847,39.6347,-8.6847,39.6347
1570,-8.6880,39.6350,-8.6880,39.6350
1571,-8.6911,39.6356,-8.6911,39.6356
1572,-8.6943,39.6361,-8.6943,39.6361
1573,-8.6979,39.6361,-8.6979,39.6361
1574,-8.7014,39.6371,-8.7014,39.6371
1575,-8.7069,39.6389,-8.7069,39.6389
1576,-8.7105,39.6390,-8.7105,39.6390
1577,-8.7133,39.6390,-8.7133,39.6390
1578,-8.7157,39.6386,-8.7157,39.6386
1579,-8.7178,39.6382,-8.7178,39.6382
1580,-8.7183,39.6377,-8.7183,39.6377
1581,-8.7183,39.6376,-8.7183,39.6376
1582,-8.7183,39.6376,-8.7183,39.6376
1583,-8.7182,39.6376,-8.7182,39.6376
1584,-8.7182,39.6376,-8.7182,39.6376
1585,-8.7183,39.6376,-8.7183,39.6376
1586,-8.7182,39.6376,-8.7182,39.6376
1587,-8.7183,39.6376,-8.7183,39.6376
1588,-8.7183,39.6376,-8.7183,39.6376
1589,-8.7183,39.6376,-8.7183,39.6376
1590,-8.7183,39.6376,-8.7183,39.6376
1591,-8.7183,39.6376,-8.7183,39.6376
1592,-8.7183,39.6376,-8.7183,39.6376
1593,-8.7183,39.6376,-8.7183,39.6376
1594,-8.7183,39.6376,-8.7183,39.6376
1595,-8.7183,39.6376,-8.7183,39.6376
1596,-8.7183,39.6376,-8.7183,39.6376
1597,-8.7183,39.6376,-8.7183,39.6376
1598,-8.7183,39.6376,-8.7183,39.6376
1599,-8.7183,39.6377,-8.7183,39.6377
1600,-8.7183,39.6377,-8.7183,39.6377
1601,-8.7183,39.6377,-8.7183,39.6377
1602,-8.7183,39.6377,-8.7183,39.6377
1603,-8.7183,39.6377,-8.7183,39.6377
1604,-8.7183,39.6377,-8.7183,39.6377
1605,-8.7183,39.6377,-8.7183,39.6377
1606,-8.7183,39.6377,-8.7183,39.6377
1607,-8.7183,39.6376,-8.7183,39.6376
1608,-8.7183,39.6376,-8.7183,39.6376
1609,-8.7183,39.6376,-8.7183,39.6376
1610,-8.7183,39.6376,-8.7183,39.6376
1611,-8.7183,39.6376,-8.7183,39.6376
1612,-8.7183,39.6377,-8.7183,39.6377
1613,-8.7183,39.6377,-8.7183,39.6377
1614,-8.7182,39.6377,-8.7182,39.6377
1615,-8.7182,39.6377,-8.7182,39.6377
1616,-8.7183,39.6377,-8.7183,39.6377
1617,-8.7183,39.6377,-8.7183,39.6377
1618,-8.7183,39.6377,-8.7183,39.6377
1619,-8.7182,39.6377,-8.7182,39.6377
1620,-8.7182,39.6377,-8.7182,39.6377
1621,-8.7182,39.6377,-8.7182,39.6377
1622,-8.7182,39.6377,-8.7182,39.6377
1623,-8.7182,39.6377,-8.7182,39.6377
1624,-8.7183,39.6377,-8.7183,39.6377
1625,-8.7183,39.6377,-8.7183,39.6377
1626,-8.7182,39.6377,-8.7182,39.6377
1627,-8.7182,39.6377,-8.7182,39.6377
1628,-8.7182,39.6377,-8.7182,39.6377
1629,-8.7182,39.6377,-8.7182,39.6377
1630,-8.7182,39.6377,-8.7182,39.6377
1631,-8.7182,39.6377,-8.7182,39.6377
1632,-8.7182,39.6377,-8.7182,39.6377
1633,-8.7182,39.6377,-8.7182,39.6377
1634,-8.7182,39.6377,-8.7182,39.6377
1635,-8.7182,39.6377,-8.7182,39.6377
1636,-8.7183,39.6376,-8.7183,39.6376
1637,-8.7183,39.6376,-8.7183,39.6376
1638,-8.7183,39.6376,-8.7183,39.6376
1639,-8.7183,39.6376,-8.7183,39.6376
1640,-8.7182,39.6377,-8.7182,39.6377
1641,-8.7182,39.6377,-8.7182,39.6377
1642,-8.7182,39.6377,-8.7182,39.6377
1643,-8.7182,39.6377,-8.7182,39.6377
1644,-8.7183,39.6377,-8.7183,39.6377
1645,-8.7182,39.6377,-8.7182,39.6377
1646,-8.7182,39.6377,-8.7182,39.6377
1647,-8.7182,39.6377,-8.7182,39.6377
1648,-8.7182,39.6377,-8.7182,39.6377
1649,-8.7182,39.6377,-8.7182,39.6377
1650,-8.7182,39.6377,-8.7182,39.6377
1651,-8.7183,39.6377,-8.7183,39.6377
1652,-8.7183,39.6377,-8.7183,39.6377
1653,-8.7182,39.6376,-8.7182,39.6376
1654,-8.7182,39.6377,-8.7182,39.6377
1655,-8.7183,39.6377,-8.7183,39.6377
1656,-8.7183,39.6377,-8.7183,39.6377
1657,-8.7183,39.6376,-8.7183,39.6376
1658,-8.7183,39.6376,-8.7183,39.6376
1659,-8.7183,39.6376,-8.7183,39.6376
1660,-8.7183,39.6376,-8.7183,39.6376
1661,-8.7183,39.6376,-8.7183,39.6376
1662,-8.7182,39.6376,-8.7182,39.6376
1663,-8.7182,39.6376,-8.7182,39.6376
1664,-8.7182,39.6376,-8.7182,39.6376
1665,-8.7182,39.6376,-8.7182,39.6376
1666,-8.7182,39.6377,-8.7182,39.6377
1667,-8.7182,39.6377,-8.7182,39.6377
1668,-8.7182,39.6377,-8.7182,39.6377
1669,-8.7182,39.6377,-8.7182,39.6377
1670,-8.7183,39.6377,-8.7183,39.6377
1671,-8.7183,39.6377,-8.7183,39.6377
1672,-8.7183,39.6377,-8.7183,39.6377
1673,-8.7183,39.6377,-8.7183,39.6377
1674,-8.7183,39.6377,-8.7183,39.6377
1675,-8.7183,39.6377,-8.7183,39.6377
1676,-8.7183,39.6376,-8.7183,39.6376
1677,-8.7183,39.6376,-8.7183,39.6376
1678,-8.7183,39.6376,-8.7183,39.6376
1679,-8.7183,39.6376,-8.7183,39.6376
1680,-8.7183,39.6376,-8.7183,39.6376
1681,-8.7183,39.6377,-8.7183,39.6377
1682,-8.7183,39.6377,-8.7183,39.6377
1683,-8.7183,39.6376,-8.7183,39.6376
1684,-8.7183,39.6376,-8.7183,39.6376
1685,-8.7183,39.6376,-8.7183,39.6376
1686,-8.7182,39.6376,-8.7182,39.6376
1687,-8.7182,39.6376,-8.7182,39.6376
1688,-8.7182,39.6376,-8.7182,39.6376
1689,-8.6859,39.6457,-8.6859,39.6457
1690,-8.6855,39.6437,-8.6855,39.6437
1691,-8.7182,39.6376,-8.7182,39.6376
1692,-8.7182,39.6376,-8.7182,39.6376
1693,-8.7182,39.6376,-8.7182,39.6376
1694,-8.7182,39.6377,-8.7182,39.6377
1695,-8.7182,39.6377,-8.7182,39.6377
1696,-8.7183,39.6377,-8.7183,39.6377
1697,-8.7183,39.6377,-8.7183,39.6377
1698,-8.7183,39.6377,-8.7183,39.6377
1699,-8.7183,39.6377,-8.7183,39.6377
1700,-8.7182,39.6377,-8.7182,39.6377
1701,-8.7182,39.6377,-8.7182,39.6377
1702,-8.7182,39.6376,-8.7182,39.6376
1703,-8.7182,39.6376,-8.7182,39.6376
1704,-8.7182,39.6376,-8.7182,39.6376
1705,-8.7182,39.6376,-8.7182,39.6376
1706,-8.7182,39.6376,-8.7182,39.6376
1707,-8.7182,39.6376,-8.7182,39.6376
1708,-8.7182,39.6376,-8.7182,39.6376
1709,-8.7182,39.6376,-8.7182,39.6376
1710,-8.7182,39.6376,-8.7182,39.6376
1711,-8.7182,39.6377,-8.7182,39.6377
1712,-8.7182,39.6377,-8.7182,39.6377
1713,-8.7182,39.6377,-8.7182,39.6377
1714,-8.7182,39.6377,-8.7182,39.6377
1715,-8.7182,39.6377,-8.7182,39.6377
1716,-8.7182,39.6376,-8.7182,39.6376
1717,-8.7182,39.6376,-8.7182,39.6376
1718,-8.7182,39.6376,-8.7182,39.6376
1719,-8.7182,39.6376,-8.7182,39.6376
1720,-8.7183,39.6376,-8.7183,39.6376
1721,-8.7183,39.6376,-8.7183,39.6376
1722,-8.7182,39.6376,-8.7182,39.6376
1723,-8.7182,39.6376,-8.7182,39.6376
1724,-8.7182,39.6377,-8.7182,39.6377
1725,-8.7182,39.6377,-8.7182,39.6377
1726,-8.7182,39.6376,-8.7182,39.6376
1727,-8.7182,39.6376,-8.7182,39.6376
1728,-8.7182,39.6376,-8.7182,39.6376
1729,-8.7182,39.6376,-8.7182,39.6376
1730,-8.7182,39.6376,-8.7182,39.6376
1731,-8.7182,39.6376,-8.7182,39.6376
1732,-8.7182,39.6376,-8.7182,39.6376
1733,-8.7182,39.6376,-8.7182,39.6376
1734,-8.7182,39.6376,-8.7182,39.6376
1735,-8.7182,39.6377,-8.7182,39.6377
1736,-8.7182,39.6376,-8.7182,39.6376
1737,-8.7182,39.6376,-8.7182,39.6376
1738,-8.7182,39.6376,-8.7182,39.6376
1739,-8.7182,39.6376,-8.7182,39.6376
1740,-8.7182,39.6376,-8.7182,39.6376
1741,-8.7182,39.6376,-8.7182,39.6376
1742,-8.7182,39.6376,-8.7182,39.6376
1743,-8.7182,39.6376,-8.7182,39.6376
1744,-8.7182,39.6376,-8.7182,39.6376
1745,-8.7182,39.6376,-8.7182,39.6376
1746,-8.7182,39.6376,-8.7182,39.6376
1747,-8.7182,39.6376,-8.7182,39.6376
1748,-8.7182,39.6376,-8.7182,39.6376
1749,-8.7182,39.6376,-8.7182,39.6376
1750,-8.7183,39.6376,-8.7183,39.6376
1751,-8.7183,39.6377,-8.7183,39.6377
1752,-8.7183,39.6377,-8.7183,39.6377
1753,-8.7183,39.6377,-8.7183,39.6377
1754,-8.7183,39.6377,-8.7183,39.6377
1755,-8.7183,39.6376,-8.7183,39.6376
1756,-8.7183,39.6376,-8.7183,39.6376
1757,-8.7183,39.6376,-8.7183,39.6376
1758,-8.7183,39.6376,-8.7183,39.6376
1759,-8.7183,39.6376,-8.7183,39.6376
1760,-8.7182,39.6376,-8.7182,39.6376
1761,-8.7182,39.6376,-8.7182,39.6376
1762,-8.7182,39.6376,-8.7182,39.6376
1763,-8.7182,39.6376,-8.7182,39.6376
1764,-8.7182,39.6376,-8.7182,39.6376
1765,-8.7182,39.6376,-8.7182,39.6376
1766,-8.7182,39.6376,-8.7182,39.6376
1767,-8.7182,39.6376,-8.7182,39.6376
1768,-8.7182,39.6376,-8.7182,39.6376
1769,-8.7182,39.6376,-8.7182,39.6376
1770,-8.7182,39.6376,-8.7182,39.6376
1771,-8.7183,39.6377,-8.7183,39.6377
1772,-8.7182,39.6376,-8.7182,39.6376
1773,-8.7182,39.6376,-8.7182,39.6376
1774,-8.7182,39.6376,-8.7182,39.6376
1775,-8.7182,39.6376,-8.7182,39.6376
1776,-8.7182,39.6376,-8.7182,39.6376
1777,-8.7182,39.6376,-8.7182,39.6376
1778,-8.7182,39.6376,-8.7182,39.6376
1779,-8.7182,39.6376,-8.7182,39.6376
1780,-8.7183,39.6377,-8.7183,39.6377
1781,-8.7182,39.6376,-8.7182,39.6376
1782,-8.7182,39.6376,-8.7182,39.6376
1783,-8.7182,39.6376,-8.7182,39.6376
1784,-8.7182,39.6376,-8.7182,39.6376
1785,-8.7182,39.6376,-8.7182,39.6376
1786,-8.7182,39.6376,-8.7182,39.6376
1787,-8.7182,39.6376,-8.7182,39.6376
1788,-8.7182,39.6376,-8.7182,39.6376
1789,-8.7182,39.6376,-8.7182,39.6376
1790,-8.7182,39.6376,-8.7182,39.6376
1791,-8.7182,39.6376,-8.7182,39.6376
1792,-8.7182,39.6376,-8.7182,39.6376
1793,-8.7182,39.6376,-8.7182,39.6376
1794,-8.7182,39.6376,-8.7182,39.6376
1795,-8.7182,39.6376,-8.7182,39.6376
1796,-8.7182,39.6376,-8.7182,39.6376
1797,-8.7182,39.6376,-8.7182,39.6376
1798,-8.7182,39.6376,-8.7182,39.6376
1799,-8.7182,39.6376,-8.7182,39.6376
1800,-8.7182,39.6376,-8.7182,39.6376
1801,-8.7182,39.6376,-8.7182,39.6376
1802,-8.7182,39.6377,-8.7182,39.6377
1803,-8.7182,39.6377,-8.7182,39.6377
1804,-8.7186,39.6375,-8.7186,39.6375
1805,-8.7201,39.6365,-8.7201,39.6365
1806,-8.7221,39.6362,-8.7221,39.6362
1807,-8.7233,39.6379,-8.7233,39.6379
1808,-8.7260,39.6376,-8.7260,39.6376
1809,-8.7284,39.6366,-8.7284,39.6366
1810,-8.7306,39.6374,-8.7306,39.6374
1811,-8.7313,39.6399,-8.7313,39.6399
1812,-8.7333,39.6390,-8.7333,39.6390
1813,-8.7357,39.6376,-8.7357,39.6376
1814,-8.7392,39.6382,-8.7392,39.6382
1815,-8.7407,39.6399,-8.7407,39.6399
1816,-8.7413,39.6408,-8.7413,39.6408
1817,-8.7439,39.6401,-8.7439,39.6401
1818,-8.7470,39.6389,-8.7470,39.6389
1819,-8.7501,39.6383,-8.7501,39.6383
1820,-8.7519,39.6375,-8.7519,39.6375
1821,-8.7537,39.6365,-8.7537,39.6365
1822,-8.7559,39.6353,-8.7559,39.6353
1823,-8.7573,39.6374,-8.7573,39.6374
1824,-8.7566,39.6398,-8.7566,39.6398
1825,-8.7567,39.6416,-8.7567,39.6416
1826,-8.7569,39.6441,-8.7569,39.6441
1827,-8.7574,39.6446,-8.7574,39.6446
1828,-8.7592,39.6427,-8.7592,39.6427
1829,-8.7620,39.6432,-8.7620,39.6432
1830,-8.7635,39.6416,-8.7635,39.6416
1831,-8.7653,39.6413,-8.7653,39.6413
1832,-8.7679,39.6413,-8.7679,39.6413
1833,-8.7697,39.6428,-8.7697,39.6428
1834,-8.7707,39.6452,-8.7707,39.6452
1835,-8.7731,39.6456,-8.7731,39.6456
1836,-8.7758,39.6471,-8.7758,39.6471
1837,-8.7776,39.6482,-8.7776,39.6482
1838,-8.7811,39.6470,-8.7811,39.6470
1839,-8.7835,39.6479,-8.7835,39.6479
1840,-8.7852,39.6503,-8.7852,39.6503
1841,-8.7885,39.6517,-8.7885,39.6517
1842,-8.7920,39.6522,-8.7920,39.6522
1843,-8.7939,39.6527,-8.7939,39.6527
1844,-8.7964,39.6540,-8.7964,39.6540
1845,-8.7992,39.6555,-8.7992,39.6555
1846,-8.8026,39.6556,-8.8026,39.6556
1847,-8.8057,39.6547,-8.8057,39.6547
1848,-8.8068,39.6541,-8.8068,39.6541
1849,-8.8088,39.6543,-8.8088,39.6543
1850,-8.8113,39.6551,-8.8113,39.6551
1851,-8.8144,39.6553,-8.8144,39.6553
1852,-8.8166,39.6553,-8.8166,39.6553
1853,-8.8201,39.6553,-8.8201,39.6553
1854,-8.8216,39.6557,-8.8216,39.6557
1855,-8.8222,39.6568,-8.8222,39.6568
1856,-8.8235,39.6578,-8.8235,39.6578
1857,-8.8241,39.6584,-8.8241,39.6584
1858,-8.8247,39.6575,-8.8247,39.6575
1859,-8.8258,39.6569,-8.8258,39.6569
1860,-8.8269,39.6574,-8.8269,39.6574
1861,-8.8265,39.6578,-8.8265,39.6578
1862,-8.8265,39.6578,-8.8265,39.6578
1863,-8.8265,39.6578,-8.8265,39.6578
1864,-8.8265,39.6578,-8.8265,39.6578
1865,-8.8265,39.6578,-8.8265,39.6578
1866,-8.8265,39.6578,-8.8265,39.6578
1867,-8.8265,39.6578,-8.8265,39.6578
1868,-8.8265,39.6578,-8.8265,39.6578
1869,-8.8264,39.6578,-8.8264,39.6578
1870,-8.8264,39.6578,-8.8264,39.6578
1871,-8.8265,39.6578,-8.8265,39.6578
1872,-8.8265,39.6578,-8.8265,39.6578
1873,-8.8265,39.6578,-8.8265,39.6578
1874,-8.8265,39.6578,-8.8265,39.6578
1875,-8.8264,39.6578,-8.8264,39.6578
1876,-8.8264,39.6578,-8.8264,39.6578
1877,-8.8264,39.6578,-8.8264,39.6578
1878,-8.8264,39.6578,-8.8264,39.6578
1879,-8.8264,39.6578,-8.8264,39.6578
1880,-8.8264,39.6578,-8.8264,39.6578
1881,-8.8264,39.6578,-8.8264,39.6578
1882,-8.8265,39.6578,-8.8265,39.6578
1883,-8.8264,39.6578,-8.8264,39.6578
1884,-8.8265,39.6578,-8.8265,39.6578
1885,-8.8265,39.6578,-8.8265,39.6578
1886,-8.8265,39.6578,-8.8265,39.6578
1887,-8.8264,39.6578,-8.8264,39.6578
1888,-8.8265,39.6578,-8.8265,39.6578
1889,-8.8265,39.6578,-8.8265,39.6578
1890,-8.8265,39.6578,-8.8265,39.6578
1891,-8.8265,39.6578,-8.8265,39.6578
1892,-8.8265,39.6578,-8.8265,39.6578
1893,-8.8265,39.6578,-8.8265,39.6578
1894,-8.8265,39.6578,-8.8265,39.6578
1895,-8.8265,39.6578,-8.8265,39.6578
1896,-8.8264,39.6578,-8.8264,39.6578
1897,-8.8264,39.6578,-8.8264,39.6578
1898,-8.8265,39.6578,-8.8265,39.6578
1899,-8.8265,39.6579,-8.8265,39.6579
1900,-8.8264,39.6578,-8.8264,39.6578
1901,-8.8264,39.6578,-8.8264,39.6578
1902,-8.8264,39.6578,-8.8264,39.6578
1903,-8.8264,39.6578,-8.8264,39.6578
1904,-8.8264,39.6578,-8.8264,39.6578
1905,-8.8264,39.6578,-8.8264,39.6578
1906,-8.8264,39.6578,-8.8264,39.6578
1907,-8.8264,39.6578,-8.8264,39.6578
1908,-8.8264,39.6578,-8.8264,39.6578
1909,-8.8264,39.6578,-8.8264,39.6578
1910,-8.8264,39.6578,-8.8264,39.6578
1911,-8.8264,39.6578,-8.8264,39.6578
1912,-8.8264,39.6578,-8.8264,39.6578
1913,-8.8264,39.6578,-8.8264,39.6578
1914,-8.8264,39.6578,-8.8264,39.6578
1915,-8.8265,39.6578,-8.8265,39.6578
1916,-8.8264,39.6578,-8.8264,39.6578
1917,-8.8264,39.6578,-8.8264,39.6578
1918,-8.8264,39.6578,-8.8264,39.6578
1919,-8.8264,39.6578,-8.8264,39.6578
1920,-8.8264,39.6578,-8.8264,39.6578
1921,-8.8265,39.6578,-8.8265,39.6578
1922,-8.8269,39.6578,-8.8269,39.6578
1923,-8.8269,39.6572,-8.8269,39.6572
1924,-8.8274,39.6567,-8.8274,39.6567
1925,-8.8278,39.6575,-8.8278,39.6575
1926,-8.8303,39.6555,-8.8303,39.6555
1927,-8.8346,39.6527,-8.8346,39.6527
1928,-8.8384,39.6500,-8.8384,39.6500
1929,-8.8405,39.6476,-8.8405,39.6476
1930,-8.8418,39.6457,-8.8418,39.6457
1931,-8.8433,39.6435,-8.8433,39.6435
1932,-8.8450,39.6411,-8.8450,39.6411
1933,-8.8465,39.6390,-8.8465,39.6390
1934,-8.8479,39.6371,-8.8479,39.6371
1935,-8.8494,39.6350,-8.8494,39.6350
1936,-8.8508,39.6330,-8.8508,39.6330
1937,-8.8523,39.6310,-8.8523,39.6310
1938,-8.8536,39.6292,-8.8536,39.6292
1939,-8.8545,39.6281,-8.8545,39.6281
1940,-8.8558,39.6262,-8.8558,39.6262
1941,-8.8570,39.6242,-8.8570,39.6242
1942,-8.8574,39.6222,-8.8574,39.6222
1943,-8.8572,39.6203,-8.8572,39.6203
1944,-8.8579,39.6195,-8.8579,39.6195
1945,-8.8572,39.6179,-8.8572,39.6179
1946,-8.8570,39.6156,-8.8570,39.6156
1947,-8.8569,39.6130,-8.8569,39.6130
1948,-8.8571,39.6096,-8.8571,39.6096
1949,-8.8572,39.6063,-8.8572,39.6063
1950,-8.8575,39.6025,-8.8575,39.6025
1951,-8.8576,39.6012,-8.8576,39.6012
1952,-8.8576,39.6013,-8.8576,39.6013
1953,-8.8576,39.6012,-8.8576,39.6012
1954,-8.8576,39.6007,-8.8576,39.6007
1955,-8.8578,39.5990,-8.8578,39.5990
1956,-8.8584,39.5972,-8.8584,39.5972
1957,-8.8599,39.5950,-8.8599,39.5950
1958,-8.8618,39.5931,-8.8618,39.5931
1959,-8.8634,39.5916,-8.8634,39.5916
1960,-8.8650,39.5900,-8.8650,39.5900
1961,-8.8671,39.5879,-8.8671,39.5879
1962,-8.8696,39.5853,-8.8696,39.5853
1963,-8.8718,39.5816,-8.8718,39.5816
1964,-8.8738,39.5780,-8.8738,39.5780
1965,-8.8754,39.5751,-8.8754,39.5751
1966,-8.8777,39.5713,-8.8777,39.5713
1967,-8.8803,39.5677,-8.8803,39.5677
1968,-8.8824,39.5646,-8.8824,39.5646
1969,-8.8840,39.5623,-8.8840,39.5623
1970,-8.8866,39.5587,-8.8866,39.5587
1971,-8.8897,39.5543,-8.8897,39.5543
1972,-8.8930,39.5495,-8.8930,39.5495
1973,-8.8958,39.5455,-8.8958,39.5455
1974,-8.8975,39.5431,-8.8975,39.5431
1975,-8.8983,39.5418,-8.8983,39.5418
1976,-8.9026,39.5356,-8.9026,39.5356
1977,-8.9051,39.5321,-8.9051,39.5321
1978,-8.9080,39.5284,-8.9080,39.5284
1979,-8.9113,39.5246,-8.9113,39.5246
1980,-8.9142,39.5212,-8.9142,39.5212
1981,-8.9164,39.5186,-8.9164,39.5186
1982,-8.9192,39.5153,-8.9192,39.5153
1983,-8.9220,39.5119,-8.9220,39.5119
1984,-8.9246,39.5082,-8.9246,39.5082
1985,-8.9266,39.5045,-8.9266,39.5045
1986,-8.9279,39.5017,-8.9279,39.5017
1987,-8.9291,39.4989,-8.9291,39.4989
1988,-8.9303,39.4961,-8.9303,39.4961
1989,-8.9316,39.4928,-8.9316,39.4928
1990,-8.9328,39.4900,-8.9328,39.4900
1991,-8.9340,39.4871,-8.9340,39.4871
1992,-8.9354,39.4841,-8.9354,39.4841
1993,-8.9366,39.4813,-8.9366,39.4813
1994,-8.9378,39.4782,-8.9378,39.4782
1995,-8.9396,39.4742,-8.9396,39.4742
1996,-8.9410,39.4709,-8.9410,39.4709
1997,-8.9422,39.4681,-8.9422,39.4681
1998,-8.9433,39.4655,-8.9433,39.4655
1999,-8.9443,39.4632,-8.9443,39.4632
2000,-8.9454,39.4606,-8.9454,39.4606
2001,-8.9465,39.4581,-8.9465,39.4581
2002,-8.9476,39.4555,-8.9476,39.4555
2003,-8.9487,39.4528,-8.9487,39.4528
2004,-8.9499,39.4501,-8.9499,39.4501
2005,-8.9510,39.4474,-8.9510,39.4474
2006,-8.9522,39.4447,-8.9522,39.4447
2007,-8.9534,39.4420,-8.9534,39.4420
2008,-8.9545,39.4392,-8.9545,39.4392
2009,-8.9555,39.4370,-8.9555,39.4370
2010,-8.9562,39.4354,-8.9562,39.4354
2011,-8.9569,39.4336,-8.9569,39.4336
2012,-8.9578,39.4316,-8.9578,39.4316
2013,-8.9587,39.4294,-8.9587,39.4294
2014,-8.9596,39.4274,-8.9596,39.4274
2015,-8.9604,39.4255,-8.9604,39.4255
2016,-8.9614,39.4241,-8.9614,39.4241
2017,-8.9650,39.4243,-8.9650,39.4243
2018,-8.9683,39.4248,-8.9683,39.4248
2019,-8.9704,39.4250,-8.9704,39.4250
2020,-8.9724,39.4252,-8.9724,39.4252
2021,-8.9743,39.4253,-8.9743,39.4253
2022,-8.9765,39.4256,-8.9765,39.4256
2023,-8.9779,39.4256,-8.9779,39.4256
2024,-8.9777,39.4254,-8.9777,39.4254
2025,-8.9775,39.4252,-8.9775,39.4252
2026,-8.9775,39.4252,-8.9775,39.4252
2027,-8.9775,39.4252,-8.9775,39.4252
2028,-8.9775,39.4252,-8.9775,39.4252
2029,-8.9775,39.4252,-8.9775,39.4252
2030,-8.9775,39.4252,-8.9775,39.4252
2031,-8.9775,39.4252,-8.9775,39.4252
2032,-8.9775,39.4252,-8.9775,39.4252
2033,-8.9775,39.4252,-8.9775,39.4252
2034,-8.9775,39.4253,-8.9775,39.4253
2035,-8.9775,39.4252,-8.9775,39.4252
2036,-8.9775,39.4252,-8.9775,39.4252
2037,-8.9774,39.4253,-8.9774,39.4253
2038,-8.9774,39.4253,-8.9774,39.4253
2039,-8.9774,39.4253,-8.9774,39.4253
2040,-8.9775,39.4252,-8.9775,39.4252
2041,-8.9775,39.4252,-8.9775,39.4252
2042,-8.9774,39.4252,-8.9774,39.4252
2043,-8.9768,39.4255,-8.9768,39.4255
2044,-8.9750,39.4253,-8.9750,39.4253
2045,-8.9727,39.4251,-8.9727,39.4251
2046,-8.9704,39.4248,-8.9704,39.4248
2047,-8.9679,39.4247,-8.9679,39.4247
2048,-8.9650,39.4244,-8.9650,39.4244
2049,-8.9615,39.4242,-8.9615,39.4242
2050,-8.9617,39.4223,-8.9617,39.4223
2051,-8.9632,39.4182,-8.9632,39.4182
2052,-8.9628,39.4136,-8.9628,39.4136
2053,-8.9622,39.4098,-8.9622,39.4098
2054,-8.9619,39.4072,-8.9619,39.4072
2055,-8.9615,39.4047,-8.9615,39.4047
2056,-8.9610,39.4024,-8.9610,39.4024
2057,-8.9608,39.4008,-8.9608,39.4008
2058,-8.9606,39.3997,-8.9606,39.3997
2059,-8.9604,39.3981,-8.9604,39.3981
2060,-8.9600,39.3958,-8.9600,39.3958
2061,-8.9597,39.3934,-8.9597,39.3934
2062,-8.9602,39.3906,-8.9602,39.3906
2063,-8.9607,39.3878,-8.9607,39.3878
2064,-8.9612,39.3850,-8.9612,39.3850
2065,-8.9617,39.3824,-8.9617,39.3824
2066,-8.9622,39.3798,-8.9622,39.3798
2067,-8.9627,39.3769,-8.9627,39.3769
2068,-8.9641,39.3742,-8.9641,39.3742
2069,-8.9663,39.3713,-8.9663,39.3713
2070,-8.9680,39.3686,-8.9680,39.3686
2071,-8.9683,39.3648,-8.9683,39.3648
2072,-8.9687,39.3602,-8.9687,39.3602
2073,-8.9703,39.3556,-8.9703,39.3556
2074,-8.9716,39.3509,-8.9716,39.3509
2075,-8.9715,39.3460,-8.9715,39.3460
2076,-8.9698,39.3425,-8.9698,39.3425
2077,-8.9670,39.3394,-8.9670,39.3394
2078,-8.9634,39.3353,-8.9634,39.3353
2079,-8.9600,39.3317,-8.9600,39.3317
2080,-8.9576,39.3289,-8.9576,39.3289
2081,-8.9550,39.3263,-8.9550,39.3263
2082,-8.9521,39.3238,-8.9521,39.3238
2083,-8.9484,39.3227,-8.9484,39.3227
2084,-8.9446,39.3224,-8.9446,39.3224
2085,-8.9410,39.3205,-8.9410,39.3205
2086,-8.9374,39.3180,-8.9374,39.3180
2087,-8.9363,39.3150,-8.9363,39.3150
2088,-8.9364,39.3117,-8.9364,39.3117
2089,-8.9380,39.3089,-8.9380,39.3089
2090,-8.9412,39.3068,-8.9412,39.3068
2091,-8.9444,39.3045,-8.9444,39.3045
2092,-8.9474,39.3022,-8.9474,39.3022
2093,-8.9480,39.2987,-8.9480,39.2987
2094,-8.9479,39.2955,-8.9479,39.2955
2095,-8.9469,39.2922,-8.9469,39.2922
2096,-8.9444,39.2890,-8.9444,39.2890
2097,-8.9420,39.2857,-8.9420,39.2857
2098,-8.9416,39.2822,-8.9416,39.2822
2099,-8.9411,39.2784,-8.9411,39.2784
2100,-8.9408,39.2746,-8.9408,39.2746
2101,-8.9431,39.2711,-8.9431,39.2711
2102,-8.9460,39.2673,-8.9460,39.2673
2103,-8.9486,39.2635,-8.9486,39.2635
2104,-8.9511,39.2599,-8.9511,39.2599
2105,-8.9522,39.2558,-8.9522,39.2558
2106,-8.9523,39.2514,-8.9523,39.2514
2107,-8.9535,39.2470,-8.9535,39.2470
2108,-8.9558,39.2429,-8.9558,39.2429
2109,-8.9563,39.2388,-8.9563,39.2388
2110,-8.9553,39.2346,-8.9553,39.2346
2111,-8.9546,39.2304,-8.9546,39.2304
2112,-8.9554,39.2261,-8.9554,39.2261
2113,-8.9548,39.2219,-8.9548,39.2219
2114,-8.9538,39.2177,-8.9538,39.2177
2115,-8.9540,39.2134,-8.9540,39.2134
2116,-8.9552,39.2093,-8.9552,39.2093
2117,-8.9546,39.2056,-8.9546,39.2056
2118,-8.9533,39.2019,-8.9533,39.2019
2119,-8.9529,39.1982,-8.9529,39.1982
2120,-8.9525,39.1943,-8.9525,39.1943
2121,-8.9496,39.1910,-8.9496,39.1910
2122,-8.9460,39.1882,-8.9460,39.1882
2123,-8.9424,39.1854,-8.9424,39.1854
2124,-8.9397,39.1820,-8.9397,39.1820
2125,-8.9379,39.1781,-8.9379,39.1781
2126,-8.9357,39.1745,-8.9357,39.1745
2127,-8.9319,39.1730,-8.9319,39.1730
2128,-8.9284,39.1720,-8.9284,39.1720
2129,-8.9258,39.1712,-8.9258,39.1712
2130,-8.9233,39.1694,-8.9233,39.1694
2131,-8.9216,39.1674,-8.9216,39.1674
2132,-8.9198,39.1653,-8.9198,39.1653
2133,-8.9181,39.1633,-8.9181,39.1633
2134,-8.9165,39.1613,-8.9165,39.1613
2135,-8.9149,39.1591,-8.9149,39.1591
2136,-8.9134,39.1569,-8.9134,39.1569
2137,-8.9120,39.1549,-8.9120,39.1549
2138,-8.9105,39.1527,-8.9105,39.1527
2139,-8.9087,39.1503,-8.9087,39.1503
2140,-8.9069,39.1483,-8.9069,39.1483
2141,-8.9050,39.1468,-8.9050,39.1468
2142,-8.9030,39.1456,-8.9030,39.1456
2143,-8.9021,39.1451,-8.9021,39.1451
2144,-8.8995,39.1448,-8.8995,39.1448
2145,-8.8965,39.1445,-8.8965,39.1445
2146,-8.8936,39.1437,-8.8936,39.1437
2147,-8.8904,39.1424,-8.8904,39.1424
2148,-8.8894,39.1404,-8.8894,39.1404
2149,-8.8920,39.1380,-8.8920,39.1380
2150,-8.8954,39.1340,-8.8954,39.1340
2151,-8.8993,39.1300,-8.8993,39.1300
2152,-8.9041,39.1264,-8.9041,39.1264
2153,-8.9088,39.1225,-8.9088,39.1225
2154,-8.9138,39.1190,-8.9138,39.1190
2155,-8.9194,39.1164,-8.9194,39.1164
2156,-8.9249,39.1136,-8.9249,39.1136
2157,-8.9308,39.1113,-8.9308,39.1113
2158,-8.9342,39.1067,-8.9342,39.1067
2159,-8.9344,39.1009,-8.9344,39.1009
2160,-8.9329,39.0954,-8.9329,39.0954
2161,-8.9302,39.0904,-8.9302,39.0904
2162,-8.9307,39.0850,-8.9307,39.0850
2163,-8.9325,39.0793,-8.9325,39.0793
2164,-8.9335,39.0732,-8.9335,39.0732
2165,-8.9367,39.0689,-8.9367,39.0689
2166,-8.9398,39.0651,-8.9398,39.0651
2167,-8.9414,39.0606,-8.9414,39.0606
2168,-8.9420,39.0560,-8.9420,39.0560
2169,-8.9441,39.0520,-8.9441,39.0520
2170,-8.9473,39.0485,-8.9473,39.0485
2171,-8.9501,39.0446,-8.9501,39.0446
2172,-8.9539,39.0406,-8.9539,39.0406
2173,-8.9579,39.0367,-8.9579,39.0367
2174,-8.9607,39.0321,-8.9607,39.0321
2175,-8.9622,39.0269,-8.9622,39.0269
2176,-8.9646,39.0222,-8.9646,39.0222
2177,-8.9663,39.0161,-8.9663,39.0161
2178,-8.9667,39.0110,-8.9667,39.0110
2179,-8.9671,39.0055,-8.9671,39.0055
2180,-8.9675,39.0003,-8.9675,39.0003
2181,-8.9683,38.9952,-8.9683,38.9952
2182,-8.9698,38.9902,-8.9698,38.9902
2183,-8.9720,38.9853,-8.9720,38.9853
2184,-8.9745,38.9805,-8.9745,38.9805
2185,-8.9772,38.9759,-8.9772,38.9759
2186,-8.9805,38.9715,-8.9805,38.9715
2187,-8.9841,38.9673,-8.9841,38.9673
2188,-8.9856,38.9624,-8.9856,38.9624
2189,-8.9896,38.9588,-8.9896,38.9588
2190,-8.9933,38.9535,-8.9933,38.9535
2191,-8.9940,38.9485,-8.9940,38.9485
2192,-8.9973,38.9442,-8.9973,38.9442
2193,-9.0007,38.9412,-9.0007,38.9412
2194,-9.0036,38.9370,-9.0036,38.9370
2195,-9.0071,38.9331,-9.0071,38.9331
2196,-9.0103,38.9294,-9.0103,38.9294
2197,-9.0126,38.9251,-9.0126,38.9251
2198,-9.0163,38.9215,-9.0163,38.9215
2199,-9.0205,38.9182,-9.0205,38.9182
2200,-9.0251,38.9150,-9.0251,38.9150
2201,-9.0297,38.9120,-9.0297,38.9120
2202,-9.0344,38.9090,-9.0344,38.9090
2203,-9.0394,38.9057,-9.0394,38.9057
2204,-9.0437,38.9021,-9.0437,38.9021
2205,-9.0465,38.8978,-9.0465,38.8978
2206,-9.0490,38.8936,-9.0490,38.8936
2207,-9.0524,38.8895,-9.0524,38.8895
2208,-9.0555,38.8870,-9.0555,38.8870
2209,-9.0595,38.8842,-9.0595,38.8842
2210,-9.0629,38.8803,-9.0629,38.8803
2211,-9.0658,38.8762,-9.0658,38.8762
2212,-9.0690,38.8716,-9.0690,38.8716
2213,-9.0734,38.8681,-9.0734,38.8681
2214,-9.0783,38.8658,-9.0783,38.8658
2215,-9.0811,38.8626,-9.0811,38.8626
2216,-9.0828,38.8584,-9.0828,38.8584
2217,-9.0852,38.8537,-9.0852,38.8537
2218,-9.0885,38.8493,-9.0885,38.8493
2219,-9.0918,38.8449,-9.0918,38.8449
2220,-9.0946,38.8404,-9.0946,38.8404
2221,-9.0961,38.8352,-9.0961,38.8352
2222,-9.0975,38.8300,-9.0975,38.8300
2223,-9.0988,38.8249,-9.0988,38.8249
2224,-9.1001,38.8199,-9.1001,38.8199
2225,-9.1015,38.8146,-9.1015,38.8146
2226,-9.1032,38.8095,-9.1032,38.8095
2227,-9.1058,38.8047,-9.1058,38.8047
2228,-9.1088,38.7998,-9.1088,38.7998
2229,-9.1119,38.7949,-9.1119,38.7949
2230,-9.1149,38.7903,-9.1149,38.7903
2231,-9.1202,38.7850,-9.1202,38.7850
2232,-9.1234,38.7812,-9.1234,38.7812
2233,-9.1237,38.7772,-9.1237,38.7772
2234,-9.1239,38.7739,-9.1239,38.7739
2235,-9.1242,38.7711,-9.1242,38.7711
2236,-9.1250,38.7683,-9.1250,38.7683
2237,-9.1269,38.7658,-9.1269,38.7658
2238,-9.1323,38.7631,-9.1323,38.7631
2239,-9.1360,38.7632,-9.1360,38.7632
2240,-9.1394,38.7633,-9.1394,38.7633
2241,-9.1408,38.7634,-9.1408,38.7634
2242,-9.1408,38.7633,-9.1408,38.7633
2243,-9.1410,38.7634,-9.1410,38.7634
2244,-9.1411,38.7634,-9.1411,38.7634
2245,-9.1412,38.7633,-9.1412,38.7633
2246,-9.1412,38.7633,-9.1412,38.7633
2247,-9.1412,38.7632,-9.1412,38.7632
2248,-9.1413,38.7632,-9.1413,38.7632
2249,-9.1413,38.7633,-9.1413,38.7633
2250,-9.1412,38.7633,-9.1412,38.7633
2251,-9.1411,38.7633,-9.1411,38.7633
2252,-9.1411,38.7633,-9.1411,38.7633
2253,-9.1409,38.7631,-9.1409,38.7631
2254,-9.1409,38.7630,-9.1409,38.7630
2255,-9.1410,38.7631,-9.1410,38.7631
2256,-9.1411,38.7633,-9.1411,38.7633
2257,-9.1411,38.7634,-9.1411,38.7634
2258,-9.1411,38.7634,-9.1411,38.7634
2259,-9.1410,38.7634,-9.1410,38.7634
2260,-9.1410,38.7634,-9.1410,38.7634
2261,-9.1411,38.7634,-9.1411,38.7634
2262,-9.1410,38.7633,-9.1410,38.7633
2263,-9.1411,38.7633,-9.1411,38.7633
2264,-9.1411,38.7634,-9.1411,38.7634
2265,-9.1411,38.7633,-9.1411,38.7633
2266,-9.1411,38.7633,-9.1411,38.7633
2267,-9.1410,38.7633,-9.1410,38.7633
2268,-9.1415,38.7632,-9.1415,38.7632
2269,-9.1437,38.7628,-9.1437,38.7628
2270,-9.1467,38.7622,-9.1467,38.7622
2271,-9.1500,38.7614,-9.1500,38.7614
2272,-9.1532,38.7602,-9.1532,38.7602
2273,-9.1569,38.7592,-9.1569,38.7592
2274,-9.1604,38.7584,-9.1604,38.7584
2275,-9.1634,38.7576,-9.1634,38.7576
2276,-9.1662,38.7573,-9.1662,38.7573
2277,-9.1691,38.7575,-9.1691,38.7575
2278,-9.1722,38.7577,-9.1722,38.7577
2279,-9.1732,38.7585,-9.1732,38.7585
2280,-9.1722,38.7569,-9.1722,38.7569
2281,-9.1711,38.7539,-9.1711,38.7539
2282,-9.1683,38.7503,-9.1683,38.7503
2283,-9.1661,38.7475,-9.1661,38.7475
2284,-9.1650,38.7441,-9.1650,38.7441
2285,-9.1685,38.7416,-9.1685,38.7416
2286,-9.1714,38.7388,-9.1714,38.7388
2287,-9.1698,38.7352,-9.1698,38.7352
2288,-9.1694,38.7313,-9.1694,38.7313
2289,-9.1722,38.7282,-9.1722,38.7282
2290,-9.1741,38.7247,-9.1741,38.7247
2291,-9.1764,38.7221,-9.1764,38.7221
2292,-9.1762,38.7182,-9.1762,38.7182
2293,-9.1773,38.7155,-9.1773,38.7155
2294,-9.1779,38.7103,-9.1779,38.7103
2295,-9.1780,38.7085,-9.1780,38.7085
2296,-9.1783,38.7073,-9.1783,38.7073
2297,-9.1791,38.7054,-9.1791,38.7054
2298,-9.1797,38.7032,-9.1797,38.7032
2299,-9.1797,38.7010,-9.1797,38.7010
2300,-9.1792,38.6990,-9.1792,38.6990
2301,-9.1788,38.6969,-9.1788,38.6969
2302,-9.1782,38.6945,-9.1782,38.6945
2303,-9.1777,38.6922,-9.1777,38.6922
2304,-9.1772,38.6901,-9.1772,38.6901
2305,-9.1767,38.6878,-9.1767,38.6878
2306,-9.1762,38.6854,-9.1762,38.6854
2307,-9.1757,38.6831,-9.1757,38.6831
2308,-9.1751,38.6805,-9.1751,38.6805
2309,-9.1747,38.6777,-9.1747,38.6777
2310,-9.1735,38.6732,-9.1735,38.6732
2311,-9.1727,38.6692,-9.1727,38.6692
2312,-9.1721,38.6660,-9.1721,38.6660
2313,-9.1729,38.6650,-9.1729,38.6650
2314,-9.1722,38.6656,-9.1722,38.6656
2315,-9.1689,38.6661,-9.1689,38.6661
2316,-9.1669,38.6662,-9.1669,38.6662
2317,-9.1660,38.6669,-9.1660,38.6669
2318,-9.1660,38.6680,-9.1660,38.6680
2319,-9.1654,38.6691,-9.1654,38.6691
2320,-9.1659,38.6707,-9.1659,38.6707
2321,-9.1663,38.6725,-9.1663,38.6725
2322,-9.1663,38.6744,-9.1663,38.6744
2323,-9.1653,38.6758,-9.1653,38.6758
2324,-9.1652,38.6759,-9.1652,38.6759
2325,-9.1648,38.6763,-9.1648,38.6763
2326,-9.1656,38.6764,-9.1656,38.6764
2327,-9.1669,38.6753,-9.1669,38.6753
2328,-9.1690,38.6739,-9.1690,38.6739
2329,-9.1706,38.6734,-9.1706,38.6734
2330,-9.1716,38.6733,-9.1716,38.6733
2331,-9.1730,38.6730,-9.1730,38.6730
2332,-9.1744,38.6728,-9.1744,38.6728
2333,-9.1738,38.6729,-9.1738,38.6729
2334,-9.1720,38.6732,-9.1720,38.6732
2335,-9.1708,38.6733,-9.1708,38.6733
2336,-9.1691,38.6740,-9.1691,38.6740
2337,-9.1679,38.6748,-9.1679,38.6748
2338,-9.1659,38.6764,-9.1659,38.6764
2339,-9.1655,38.6768,-9.1655,38.6768
2340,-9.1642,38.6774,-9.1642,38.6774
2341,-9.1635,38.6779,-9.1635,38.6779
2342,-9.1637,38.6779,-9.1637,38.6779
2343,-9.1646,38.6781,-9.1646,38.6781
2344,-9.1664,38.6777,-9.1664,38.6777
2345,-9.1681,38.6775,-9.1681,38.6775
2346,-9.1681,38.6792,-9.1681,38.6792
2347,-9.1699,38.6776,-9.1699,38.6776
2348,-9.1710,38.6766,-9.1710,38.6766
2349,-9.1705,38.6770,-9.1705,38.6770
2350,-9.1711,38.6778,-9.1711,38.6778
2351,-9.1712,38.6781,-9.1712,38.6781
2352,-9.1712,38.6781,-9.1712,38.6781
2353,-9.1712,38.6781,-9.1712,38.6781
2354,-9.1712,38.6781,-9.1712,38.6781
2355,-9.1712,38.6781,-9.1712,38.6781
2356,-9.1712,38.6781,-9.1712,38.6781
2357,-9.1712,38.6781,-9.1712,38.6781
2358,-9.1712,38.6781,-9.1712,38.6781
2359,-9.1712,38.6781,-9.1712,38.6781
2360,-9.1712,38.6781,-9.1712,38.6781
2361,-9.1712,38.6781,-9.1712,38.6781
2362,-9.1712,38.6781,-9.1712,38.6781
2363,-9.1712,38.6781,-9.1712,38.6781
2364,-9.1712,38.6781,-9.1712,38.6781
2365,-9.1712,38.6781,-9.1712,38.6781
2366,-9.1712,38.6781,-9.1712,38.6781
2367,-9.1712,38.6781,-9.1712,38.6781
2368,-9.1712,38.6781,-9.1712,38.6781
2369,-9.1712,38.6781,-9.1712,38.6781
2370,-9.1712,38.6781,-9.1712,38.6781
2371,-9.1712,38.6781,-9.1712,38.6781
2372,-9.1712,38.6781,-9.1712,38.6781
2373,-9.1712,38.6781,-9.1712,38.6781
2374,-9.1712,38.6781,-9.1712,38.6781
2375,-9.1712,38.6781,-9.1712,38.6781
2376,-9.1712,38.6781,-9.1712,38.6781
2377,-9.1712,38.6781,-9.1712,38.6781
2378,-9.1712,38.6781,-9.1712,38.6781
2379,-9.1712,38.6781,-9.1712,38.6781
2380,-9.1712,38.6781,-9.1712,38.6781
2381,-9.1712,38.6781,-9.1712,38.6781
2382,-9.1712,38.6781,-9.1712,38.6781
2383,-9.1712,38.6781,-9.1712,38.6781
2384,-9.1712,38.6781,-9.1712,38.6781
2385,-9.1712,38.6781,-9.1712,38.6781
2386,-9.1712,38.6781,-9.1712,38.6781
2387,-9.1712,38.6781,-9.1712,38.6781
2388,-9.1712,38.6781,-9.1712,38.6781
2389,-9.1712,38.6781,-9.1712,38.6781
2390,-9.1712,38.6781,-9.1712,38.6781
2391,-9.1712,38.6781,-9.1712,38.6781
2392,-9.1712,38.6781,-9.1712,38.6781
2393,-9.1712,38.6781,-9.1712,38.6781
2394,-9.1712,38.6781,-9.1712,38.6781
2395,-9.1712,38.6781,-9.1712,38.6781
2396,-9.1712,38.6781,-9.1712,38.6781
2397,-9.1712,38.6781,-9.1712,38.6781
2398,-9.1712,38.6781,-9.1712,38.6781
2399,-9.1712,38.6781,-9.1712,38.6781
2400,-9.1712,38.6781,-9.1712,38.6781
2401,-9.1712,38.6781,-9.1712,38.6781
2402,-9.1712,38.6781,-9.1712,38.6781
2403,-9.1712,38.6781,-9.1712,38.6781
2404,-9.1712,38.6781,-9.1712,38.6781
2405,-9.1712,38.6781,-9.1712,38.6781
2406,-9.1712,38.6781,-9.1712,38.6781
2407,-9.1712,38.6781,-9.1712,38.6781
2408,-9.1712,38.6781,-9.1712,38.6781
2409,-9.1712,38.6781,-9.1712,38.6781
2410,-9.1712,38.6781,-9.1712,38.6781
2411,-9.1712,38.6781,-9.1712,38.6781
2412,-9.1712,38.6781,-9.1712,38.6781
2413,-9.1712,38.6781,-9.1712,38.6781
2414,-9.1712,38.6781,-9.1712,38.6781
2415,-9.1712,38.6781,-9.1712,38.6781
2416,-9.1712,38.6781,-9.1712,38.6781
2417,-9.1712,38.6781,-9.1712,38.6781
2418,-9.1712,38.6781,-9.1712,38.6781
2419,-9.1712,38.6781,-9.1712,38.6781
2420,-9.1712,38.6781,-9.1712,38.6781
2421,-9.1712,38.6781,-9.1712,38.6781
2422,-9.1712,38.6781,-9.1712,38.6781
2423,-9.1712,38.6781,-9.1712,38.6781
2424,-9.1712,38.6781,-9.1712,38.6781
2425,-9.1712,38.6781,-9.1712,38.6781
2426,-9.1712,38.6781,-9.1712,38.6781
2427,-9.1712,38.6781,-9.1712,38.6781
2428,-9.1712,38.6781,-9.1712,38.6781
2429,-9.1709,38.6774,-9.1709,38.6774
2430,-9.1705,38.6770,-9.1705,38.6770
2431,-9.1703,38.6770,-9.1703,38.6770
2432,-9.1692,38.6783,-9.1692,38.6783
2433,-9.1680,38.6791,-9.1680,38.6791
2434,-9.1681,38.6780,-9.1681,38.6780
2435,-9.1670,38.6778,-9.1670,38.6778
2436,-9.1654,38.6783,-9.1654,38.6783
2437,-9.1636,38.6780,-9.1636,38.6780
2438,-9.1627,38.6778,-9.1627,38.6778
2439,-9.1624,38.6777,-9.1624,38.6777
2440,-9.1626,38.6775,-9.1626,38.6775
2441,-9.1626,38.6774,-9.1626,38.6774
2442,-9.1630,38.6773,-9.1630,38.6773
2443,-9.1640,38.6769,-9.1640,38.6769
2444,-9.1645,38.6765,-9.1645,38.6765
2445,-9.1650,38.6761,-9.1650,38.6761
2446,-9.1651,38.6760,-9.1651,38.6760
2447,-9.1659,38.6751,-9.1659,38.6751
2448,-9.1666,38.6733,-9.1666,38.6733
2449,-9.1665,38.6725,-9.1665,38.6725
2450,-9.1664,38.6724,-9.1664,38.6724
2451,-9.1663,38.6718,-9.1663,38.6718
2452,-9.1660,38.6698,-9.1660,38.6698
2453,-9.1660,38.6696,-9.1660,38.6696
2454,-9.1662,38.6681,-9.1662,38.6681
2455,-9.1677,38.6668,-9.1677,38.6668
2456,-9.1702,38.6668,-9.1702,38.6668
2457,-9.1722,38.6683,-9.1722,38.6683
2458,-9.1728,38.6708,-9.1728,38.6708
2459,-9.1733,38.6733,-9.1733,38.6733
2460,-9.1735,38.6749,-9.1735,38.6749
2461,-9.1739,38.6767,-9.1739,38.6767
2462,-9.1746,38.6788,-9.1746,38.6788
2463,-9.1750,38.6805,-9.1750,38.6805
2464,-9.1754,38.6824,-9.1754,38.6824
2465,-9.1759,38.6845,-9.1759,38.6845
2466,-9.1763,38.6866,-9.1763,38.6866
2467,-9.1768,38.6888,-9.1768,38.6888
2468,-9.1773,38.6910,-9.1773,38.6910
2469,-9.1778,38.6932,-9.1778,38.6932
2470,-9.1783,38.6954,-9.1783,38.6954
2471,-9.1788,38.6976,-9.1788,38.6976
2472,-9.1793,38.6999,-9.1793,38.6999
2473,-9.1796,38.7027,-9.1796,38.7027
2474,-9.1790,38.7054,-9.1790,38.7054
2475,-9.1780,38.7081,-9.1780,38.7081
2476,-9.1776,38.7112,-9.1776,38.7112
2477,-9.1773,38.7146,-9.1773,38.7146
2478,-9.1762,38.7177,-9.1762,38.7177
2479,-9.1766,38.7206,-9.1766,38.7206
2480,-9.1758,38.7234,-9.1758,38.7234
2481,-9.1732,38.7257,-9.1732,38.7257
2482,-9.1717,38.7290,-9.1717,38.7290
2483,-9.1687,38.7324,-9.1687,38.7324
2484,-9.1697,38.7354,-9.1697,38.7354
2485,-9.1712,38.7377,-9.1712,38.7377
2486,-9.1701,38.7407,-9.1701,38.7407
2487,-9.1664,38.7427,-9.1664,38.7427
2488,-9.1650,38.7458,-9.1650,38.7458
2489,-9.1672,38.7491,-9.1672,38.7491
2490,-9.1697,38.7524,-9.1697,38.7524
2491,-9.1714,38.7550,-9.1714,38.7550
2492,-9.1706,38.7570,-9.1706,38.7570
2493,-9.1679,38.7573,-9.1679,38.7573
2494,-9.1647,38.7573,-9.1647,38.7573
2495,-9.1618,38.7579,-9.1618,38.7579
2496,-9.1588,38.7586,-9.1588,38.7586
2497,-9.1561,38.7592,-9.1561,38.7592
2498,-9.1538,38.7599,-9.1538,38.7599
2499,-9.1515,38.7608,-9.1515,38.7608
2500,-9.1485,38.7617,-9.1485,38.7617
2501,-9.1455,38.7624,-9.1455,38.7624
2502,-9.1432,38.7628,-9.1432,38.7628
2503,-9.1409,38.7630,-9.1409,38.7630
2504,-9.1382,38.7631,-9.1382,38.7631
2505,-9.1355,38.7630,-9.1355,38.7630
2506,-9.1324,38.7628,-9.1324,38.7628
2507,-9.1308,38.7623,-9.1308,38.7623
2508,-9.1308,38.7623,-9.1308,38.7623
2509,-9.1308,38.7623,-9.1308,38.7623
2510,-9.1304,38.7623,-9.1304,38.7623
2511,-9.1292,38.7628,-9.1292,38.7628
2512,-9.1292,38.7634,-9.1292,38.7634
2513,-9.1293,38.7649,-9.1293,38.7649
2514,-9.1290,38.7666,-9.1290,38.7666
2515,-9.1291,38.7678,-9.1291,38.7678
2516,-9.1288,38.7689,-9.1288,38.7689
