1,-8.6073,41.1452,-8.6073,41.1452
2,-8.6075,41.1454,-8.6075,41.1454
3,-8.6075,41.1454,-8.6075,41.1454
4,-8.6075,41.1454,-8.6075,41.1454
5,-8.6075,41.1454,-8.6075,41.1454
6,-8.6075,41.1454,-8.6075,41.1454
7,-8.6075,41.1454,-8.6075,41.1454
8,-8.6075,41.1454,-8.6075,41.1454
9,-8.6074,41.1454,-8.6074,41.1454
10,-8.6074,41.1454,-8.6074,41.1454
11,-8.6075,41.1454,-8.6075,41.1454
12,-8.6075,41.1454,-8.6075,41.1454
13,-8.6075,41.1454,-8.6075,41.1454
14,-8.6075,41.1454,-8.6075,41.1454
15,-8.6075,41.1454,-8.6075,41.1454
16,-8.6075,41.1454,-8.6075,41.1454
17,-8.6075,41.1454,-8.6075,41.1454
18,-8.6075,41.1454,-8.6075,41.1454
19,-8.6075,41.1454,-8.6075,41.1454
20,-8.6075,41.1454,-8.6075,41.1454
21,-8.6075,41.1454,-8.6075,41.1454
22,-8.6075,41.1454,-8.6075,41.1454
23,-8.6075,41.1454,-8.6075,41.1454
24,-8.6075,41.1454,-8.6075,41.1454
25,-8.6075,41.1454,-8.6075,41.1454
26,-8.6075,41.1454,-8.6075,41.1454
27,-8.6075,41.1454,-8.6075,41.1454
28,-8.6075,41.1454,-8.6075,41.1454
29,-8.6075,41.1454,-8.6075,41.1454
30,-8.6075,41.1454,-8.6075,41.1454
31,-8.6075,41.1454,-8.6075,41.1454
32,-8.6075,41.1454,-8.6075,41.1454
33,-8.6075,41.1454,-8.6075,41.1454
34,-8.6075,41.1454,-8.6075,41.1454
35,-8.6075,41.1454,-8.6075,41.1454
36,-8.6075,41.1454,-8.6075,41.1454
37,-8.6075,41.1454,-8.6075,41.1454
38,-8.6075,41.1454,-8.6075,41.1454
39,-8.6075,41.1454,-8.6075,41.1454
40,-8.6075,41.1455,-8.6075,41.1455
41,-8.6075,41.1455,-8.6075,41.1455
42,-8.6075,41.1455,-8.6075,41.1455
43,-8.6075,41.1455,-8.6075,41.1455
44,-8.6075,41.1455,-8.6075,41.1455
45,-8.6075,41.1455,-8.6075,41.1455
46,-8.6075,41.1455,-8.6075,41.1455
47,-8.6075,41.1455,-8.6075,41.1455
48,-8.6074,41.1455,-8.6074,41.1455
49,-8.6074,41.1455,-8.6074,41.1455
50,-8.6075,41.1454,-8.6075,41.1454
51,-8.6075,41.1454,-8.6075,41.1454
52,-8.6075,41.1455,-8.6075,41.1455
53,-8.6076,41.1455,-8.6076,41.1455
54,-8.6075,41.1455,-8.6075,41.1455
55,-8.6075,41.1455,-8.6075,41.1455
56,-8.6075,41.1455,-8.6075,41.1455
57,-8.6075,41.1455,-8.6075,41.1455
58,-8.6075,41.1455,-8.6075,41.1455
59,-8.6075,41.1454,-8.6075,41.1454
60,-8.6075,41.1454,-8.6075,41.1454
61,-8.6075,41.1454,-8.6075,41.1454
62,-8.6075,41.1454,-8.6075,41.1454
63,-8.6075,41.1454,-8.6075,41.1454
64,-8.6075,41.1454,-8.6075,41.1454
65,-8.6075,41.1454,-8.6075,41.1454
66,-8.6075,41.1454,-8.6075,41.1454
67,-8.6075,41.1454,-8.6075,41.1454
68,-8.6075,41.1454,-8.6075,41.1454
69,-8.6075,41.1454,-8.6075,41.1454
70,-8.6075,41.1454,-8.6075,41.1454
71,-8.6075,41.1454,-8.6075,41.1454
72,-8.6075,41.1454,-8.6075,41.1454
73,-8.6075,41.1454,-8.6075,41.1454
74,-8.6075,41.1454,-8.6075,41.1454
75,-8.6075,41.1454,-8.6075,41.1454
76,-8.6075,41.1454,-8.6075,41.1454
77,-8.6073,41.1456,-8.6073,41.1456
78,-8.6070,41.1461,-8.6070,41.1461
79,-8.6069,41.1465,-8.6069,41.1465
80,-8.6068,41.1468,-8.6068,41.1468
81,-8.6068,41.1471,-8.6068,41.1471
82,-8.6067,41.1472,-8.6067,41.1472
83,-8.6066,41.1474,-8.6066,41.1474
84,-8.6066,41.1475,-8.6066,41.1475
85,-8.6065,41.1478,-8.6065,41.1478
86,-8.6065,41.1481,-8.6065,41.1481
87,-8.6063,41.1482,-8.6063,41.1482
88,-8.6063,41.1482,-8.6063,41.1482
89,-8.6063,41.1482,-8.6063,41.1482
90,-8.6063,41.1482,-8.6063,41.1482
91,-8.6063,41.1482,-8.6063,41.1482
92,-8.6063,41.1482,-8.6063,41.1482
93,-8.6063,41.1482,-8.6063,41.1482
94,-8.6063,41.1482,-8.6063,41.1482
95,-8.6061,41.1483,-8.6061,41.1483
96,-8.6050,41.1480,-8.6050,41.1480
97,-8.6045,41.1478,-8.6045,41.1478
98,-8.6040,41.1476,-8.6040,41.1476
99,-8.6039,41.1468,-8.6039,41.1468
100,-8.6044,41.1462,-8.6044,41.1462
101,-8.6052,41.1457,-8.6052,41.1457
102,-8.6066,41.1449,-8.6066,41.1449
103,-8.6067,41.1449,-8.6067,41.1449
104,-8.6067,41.1449,-8.6067,41.1449
105,-8.6067,41.1449,-8.6067,41.1449
106,-8.6067,41.1449,-8.6067,41.1449
107,-8.6069,41.1449,-8.6069,41.1449
108,-8.6076,41.1440,-8.6076,41.1440
109,-8.6082,41.1432,-8.6082,41.1432
110,-8.6082,41.1432,-8.6082,41.1432
111,-8.6082,41.1432,-8.6082,41.1432
112,-8.6082,41.1432,-8.6082,41.1432
113,-8.6082,41.1431,-8.6082,41.1431
114,-8.6091,41.1432,-8.6091,41.1432
115,-8.6100,41.1433,-8.6100,41.1433
116,-8.6100,41.1433,-8.6100,41.1433
117,-8.6100,41.1433,-8.6100,41.1433
118,-8.6101,41.1433,-8.6101,41.1433
119,-8.6105,41.1432,-8.6105,41.1432
120,-8.6113,41.1431,-8.6113,41.1431
121,-8.6114,41.1431,-8.6114,41.1431
122,-8.6113,41.1431,-8.6113,41.1431
123,-8.6113,41.1431,-8.6113,41.1431
124,-8.6114,41.1431,-8.6114,41.1431
125,-8.6114,41.1431,-8.6114,41.1431
126,-8.6114,41.1431,-8.6114,41.1431
127,-8.6114,41.1431,-8.6114,41.1431
128,-8.6116,41.1430,-8.6116,41.1430
129,-8.6118,41.1426,-8.6118,41.1426
130,-8.6120,41.1422,-8.6120,41.1422
131,-8.6118,41.1422,-8.6118,41.1422
132,-8.6118,41.1422,-8.6118,41.1422
133,-8.6118,41.1422,-8.6118,41.1422
134,-8.6118,41.1422,-8.6118,41.1422
135,-8.6118,41.1422,-8.6118,41.1422
136,-8.6118,41.1422,-8.6118,41.1422
137,-8.6118,41.1422,-8.6118,41.1422
138,-8.6119,41.1422,-8.6119,41.1422
139,-8.6119,41.1422,-8.6119,41.1422
140,-8.6119,41.1422,-8.6119,41.1422
141,-8.6119,41.1422,-8.6119,41.1422
142,-8.6119,41.1422,-8.6119,41.1422
143,-8.6119,41.1422,-8.6119,41.1422
144,-8.6119,41.1422,-8.6119,41.1422
145,-8.6118,41.1422,-8.6118,41.1422
146,-8.6118,41.1422,-8.6118,41.1422
147,-8.6118,41.1422,-8.6118,41.1422
148,-8.6118,41.1422,-8.6118,41.1422
149,-8.6118,41.1422,-8.6118,41.1422
150,-8.6118,41.1422,-8.6118,41.1422
151,-8.6118,41.1422,-8.6118,41.1422
152,-8.6118,41.1423,-8.6118,41.1423
153,-8.6119,41.1425,-8.6119,41.1425
154,-8.6118,41.1427,-8.6118,41.1427
155,-8.6118,41.1426,-8.6118,41.1426
156,-8.6119,41.1426,-8.6119,41.1426
157,-8.6119,41.1426,-8.6119,41.1426
158,-8.6118,41.1426,-8.6118,41.1426
159,-8.6118,41.1426,-8.6118,41.1426
160,-8.6118,41.1426,-8.6118,41.1426
161,-8.6118,41.1426,-8.6118,41.1426
162,-8.6118,41.1426,-8.6118,41.1426
163,-8.6118,41.1426,-8.6118,41.1426
164,-8.6118,41.1426,-8.6118,41.1426
165,-8.6118,41.1426,-8.6118,41.1426
166,-8.6118,41.1426,-8.6118,41.1426
167,-8.6118,41.1426,-8.6118,41.1426
168,-8.6118,41.1426,-8.6118,41.1426
169,-8.6118,41.1426,-8.6118,41.1426
170,-8.6118,41.1426,-8.6118,41.1426
171,-8.6118,41.1426,-8.6118,41.1426
172,-8.6118,41.1426,-8.6118,41.1426
173,-8.6118,41.1426,-8.6118,41.1426
174,-8.6119,41.1426,-8.6119,41.1426
175,-8.6119,41.1426,-8.6119,41.1426
176,-8.6119,41.1426,-8.6119,41.1426
177,-8.6118,41.1426,-8.6118,41.1426
178,-8.6119,41.1426,-8.6119,41.1426
179,-8.6119,41.1426,-8.6119,41.1426
180,-8.6119,41.1426,-8.6119,41.1426
181,-8.6119,41.1426,-8.6119,41.1426
182,-8.6119,41.1426,-8.6119,41.1426
183,-8.6119,41.1426,-8.6119,41.1426
184,-8.6119,41.1426,-8.6119,41.1426
185,-8.6119,41.1426,-8.6119,41.1426
186,-8.6119,41.1426,-8.6119,41.1426
187,-8.6119,41.1426,-8.6119,41.1426
188,-8.6118,41.1426,-8.6118,41.1426
189,-8.6118,41.1426,-8.6118,41.1426
190,-8.6117,41.1429,-8.6117,41.1429
191,-8.6112,41.1431,-8.6112,41.1431
192,-8.6107,41.1431,-8.6107,41.1431
193,-8.6103,41.1432,-8.6103,41.1432
194,-8.6093,41.1431,-8.6093,41.1431
195,-8.6093,41.1428,-8.6093,41.1428
196,-8.6091,41.1427,-8.6091,41.1427
197,-8.6091,41.1427,-8.6091,41.1427
198,-8.6091,41.1427,-8.6091,41.1427
199,-8.6090,41.1428,-8.6090,41.1428
200,-8.6089,41.1431,-8.6089,41.1431
201,-8.6091,41.1432,-8.6091,41.1432
202,-8.6092,41.1432,-8.6092,41.1432
203,-8.6093,41.1429,-8.6093,41.1429
204,-8.6093,41.1429,-8.6093,41.1429
205,-8.6093,41.1429,-8.6093,41.1429
206,-8.6092,41.1428,-8.6092,41.1428
207,-8.6091,41.1428,-8.6091,41.1428
208,-8.6091,41.1427,-8.6091,41.1427
209,-8.6091,41.1427,-8.6091,41.1427
210,-8.6091,41.1427,-8.6091,41.1427
211,-8.6091,41.1427,-8.6091,41.1427
212,-8.6091,41.1427,-8.6091,41.1427
213,-8.6091,41.1427,-8.6091,41.1427
214,-8.6091,41.1427,-8.6091,41.1427
215,-8.6092,41.1427,-8.6092,41.1427
216,-8.6092,41.1428,-8.6092,41.1428
217,-8.6092,41.1428,-8.6092,41.1428
218,-8.6092,41.1428,-8.6092,41.1428
219,-8.6092,41.1428,-8.6092,41.1428
220,-8.6090,41.1428,-8.6090,41.1428
221,-8.6089,41.1431,-8.6089,41.1431
222,-8.6096,41.1433,-8.6096,41.1433
223,-8.6100,41.1433,-8.6100,41.1433
224,-8.6100,41.1432,-8.6100,41.1432
225,-8.6105,41.1432,-8.6105,41.1432
226,-8.6110,41.1433,-8.6110,41.1433
227,-8.6108,41.1435,-8.6108,41.1435
228,-8.6108,41.1438,-8.6108,41.1438
229,-8.6112,41.1434,-8.6112,41.1434
230,-8.6112,41.1433,-8.6112,41.1433
231,-8.6003,41.1487,-8.6003,41.1487
232,-8.6004,41.1487,-8.6004,41.1487
233,-8.6114,41.1432,-8.6114,41.1432
234,-8.6116,41.1433,-8.6116,41.1433
235,-8.6117,41.1434,-8.6117,41.1434
236,-8.6120,41.1434,-8.6120,41.1434
237,-8.6122,41.1432,-8.6122,41.1432
238,-8.6125,41.1432,-8.6125,41.1432
239,-8.6128,41.1432,-8.6128,41.1432
240,-8.6130,41.1432,-8.6130,41.1432
241,-8.6132,41.1431,-8.6132,41.1431
242,-8.6132,41.1429,-8.6132,41.1429
243,-8.6130,41.1427,-8.6130,41.1427
244,-8.6134,41.1426,-8.6134,41.1426
245,-8.6138,41.1426,-8.6138,41.1426
246,-8.6140,41.1426,-8.6140,41.1426
247,-8.6143,41.1428,-8.6143,41.1428
248,-8.6148,41.1428,-8.6148,41.1428
249,-8.6148,41.1428,-8.6148,41.1428
250,-8.6148,41.1428,-8.6148,41.1428
251,-8.6151,41.1428,-8.6151,41.1428
252,-8.6153,41.1423,-8.6153,41.1423
253,-8.6153,41.1415,-8.6153,41.1415
254,-8.6153,41.1414,-8.6153,41.1414
255,-8.6153,41.1414,-8.6153,41.1414
256,-8.6153,41.1414,-8.6153,41.1414
257,-8.6152,41.1414,-8.6152,41.1414
258,-8.6152,41.1414,-8.6152,41.1414
259,-8.6152,41.1414,-8.6152,41.1414
260,-8.6152,41.1414,-8.6152,41.1414
261,-8.6152,41.1414,-8.6152,41.1414
262,-8.6152,41.1414,-8.6152,41.1414
263,-8.6152,41.1415,-8.6152,41.1415
264,-8.6152,41.1415,-8.6152,41.1415
265,-8.6152,41.1415,-8.6152,41.1415
266,-8.6152,41.1415,-8.6152,41.1415
267,-8.6152,41.1415,-8.6152,41.1415
268,-8.6152,41.1415,-8.6152,41.1415
269,-8.6152,41.1414,-8.6152,41.1414
270,-8.6151,41.1413,-8.6151,41.1413
271,-8.6151,41.1412,-8.6151,41.1412
272,-8.6150,41.1411,-8.6150,41.1411
273,-8.6149,41.1411,-8.6149,41.1411
274,-8.6150,41.1411,-8.6150,41.1411
275,-8.6151,41.1412,-8.6151,41.1412
276,-8.6151,41.1412,-8.6151,41.1412
277,-8.6151,41.1412,-8.6151,41.1412
278,-8.6152,41.1412,-8.6152,41.1412
279,-8.6152,41.1413,-8.6152,41.1413
280,-8.6152,41.1414,-8.6152,41.1414
281,-8.6152,41.1414,-8.6152,41.1414
282,-8.6152,41.1414,-8.6152,41.1414
283,-8.6152,41.1414,-8.6152,41.1414
284,-8.6152,41.1415,-8.6152,41.1415
285,-8.6152,41.1415,-8.6152,41.1415
286,-8.6152,41.1415,-8.6152,41.1415
287,-8.6152,41.1415,-8.6152,41.1415
288,-8.6152,41.1415,-8.6152,41.1415
289,-8.6152,41.1415,-8.6152,41.1415
290,-8.6153,41.1414,-8.6153,41.1414
291,-8.6153,41.1415,-8.6153,41.1415
292,-8.6153,41.1415,-8.6153,41.1415
293,-8.6153,41.1416,-8.6153,41.1416
294,-8.6153,41.1410,-8.6153,41.1410
295,-8.6149,41.1409,-8.6149,41.1409
296,-8.6146,41.1410,-8.6146,41.1410
297,-8.6146,41.1410,-8.6146,41.1410
298,-8.6146,41.1410,-8.6146,41.1410
299,-8.6143,41.1412,-8.6143,41.1412
300,-8.6137,41.1413,-8.6137,41.1413
301,-8.6134,41.1414,-8.6134,41.1414
302,-8.6103,41.1410,-8.6103,41.1410
303,-8.6102,41.1409,-8.6102,41.1409
304,-8.6102,41.1409,-8.6102,41.1409
305,-8.6100,41.1408,-8.6100,41.1408
306,-8.6100,41.1409,-8.6100,41.1409
307,-8.6100,41.1408,-8.6100,41.1408
308,-8.6100,41.1408,-8.6100,41.1408
309,-8.6100,41.1409,-8.6100,41.1409
310,-8.6098,41.1408,-8.6098,41.1408
311,-8.6097,41.1406,-8.6097,41.1406
312,-8.6094,41.1398,-8.6094,41.1398
313,-8.6092,41.1392,-8.6092,41.1392
314,-8.6097,41.1389,-8.6097,41.1389
315,-8.6097,41.1389,-8.6097,41.1389
316,-8.6097,41.1389,-8.6097,41.1389
317,-8.6097,41.1389,-8.6097,41.1389
318,-8.6097,41.1389,-8.6097,41.1389
319,-8.6097,41.1389,-8.6097,41.1389
320,-8.6097,41.1389,-8.6097,41.1389
321,-8.6097,41.1389,-8.6097,41.1389
322,-8.6097,41.1389,-8.6097,41.1389
323,-8.6097,41.1389,-8.6097,41.1389
324,-8.6097,41.1389,-8.6097,41.1389
325,-8.6098,41.1389,-8.6098,41.1389
326,-8.6107,41.1384,-8.6107,41.1384
327,-8.6117,41.1381,-8.6117,41.1381
328,-8.6130,41.1378,-8.6130,41.1378
329,-8.6137,41.1376,-8.6137,41.1376
330,-8.6140,41.1376,-8.6140,41.1376
331,-8.6147,41.1374,-8.6147,41.1374
332,-8.6158,41.1371,-8.6158,41.1371
333,-8.6169,41.1370,-8.6169,41.1370
334,-8.6179,41.1369,-8.6179,41.1369
335,-8.6183,41.1363,-8.6183,41.1363
336,-8.6184,41.1352,-8.6184,41.1352
337,-8.6182,41.1340,-8.6182,41.1340
338,-8.6179,41.1328,-8.6179,41.1328
339,-8.6179,41.1316,-8.6179,41.1316
340,-8.6176,41.1313,-8.6176,41.1313
341,-8.6157,41.1321,-8.6157,41.1321
342,-8.6133,41.1328,-8.6133,41.1328
343,-8.6127,41.1331,-8.6127,41.1331
344,-8.6136,41.1331,-8.6136,41.1331
345,-8.6140,41.1339,-8.6140,41.1339
346,-8.6141,41.1341,-8.6141,41.1341
347,-8.6142,41.1341,-8.6142,41.1341
348,-8.6142,41.1341,-8.6142,41.1341
349,-8.6142,41.1341,-8.6142,41.1341
350,-8.6142,41.1341,-8.6142,41.1341
351,-8.6141,41.1341,-8.6141,41.1341
352,-8.6141,41.1341,-8.6141,41.1341
353,-8.6141,41.1341,-8.6141,41.1341
354,-8.6141,41.1341,-8.6141,41.1341
355,-8.6141,41.1341,-8.6141,41.1341
356,-8.6141,41.1341,-8.6141,41.1341
357,-8.6141,41.1341,-8.6141,41.1341
358,-8.6141,41.1341,-8.6141,41.1341
359,-8.6141,41.1341,-8.6141,41.1341
360,-8.6141,41.1341,-8.6141,41.1341
361,-8.6141,41.1341,-8.6141,41.1341
362,-8.6141,41.1341,-8.6141,41.1341
363,-8.6141,41.1341,-8.6141,41.1341
364,-8.6141,41.1341,-8.6141,41.1341
365,-8.6141,41.1341,-8.6141,41.1341
366,-8.6141,41.1341,-8.6141,41.1341
367,-8.6141,41.1341,-8.6141,41.1341
368,-8.6141,41.1341,-8.6141,41.1341
369,-8.6141,41.1341,-8.6141,41.1341
370,-8.6141,41.1341,-8.6141,41.1341
371,-8.6141,41.1341,-8.6141,41.1341
372,-8.6142,41.1341,-8.6142,41.1341
373,-8.6142,41.1341,-8.6142,41.1341
374,-8.6141,41.1341,-8.6141,41.1341
375,-8.6141,41.1341,-8.6141,41.1341
376,-8.6141,41.1341,-8.6141,41.1341
377,-8.6141,41.1341,-8.6141,41.1341
378,-8.6141,41.1341,-8.6141,41.1341
379,-8.6141,41.1341,-8.6141,41.1341
380,-8.6141,41.1341,-8.6141,41.1341
381,-8.6141,41.1341,-8.6141,41.1341
382,-8.6141,41.1341,-8.6141,41.1341
383,-8.6141,41.1341,-8.6141,41.1341
384,-8.6141,41.1341,-8.6141,41.1341
385,-8.6141,41.1341,-8.6141,41.1341
386,-8.6141,41.1341,-8.6141,41.1341
387,-8.6141,41.1341,-8.6141,41.1341
388,-8.6141,41.1341,-8.6141,41.1341
389,-8.6141,41.1341,-8.6141,41.1341
390,-8.6141,41.1340,-8.6141,41.1340
391,-8.6141,41.1340,-8.6141,41.1340
392,-8.6141,41.1340,-8.6141,41.1340
393,-8.6141,41.1340,-8.6141,41.1340
394,-8.6141,41.1340,-8.6141,41.1340
395,-8.6141,41.1340,-8.6141,41.1340
396,-8.6141,41.1341,-8.6141,41.1341
397,-8.6141,41.1341,-8.6141,41.1341
398,-8.6141,41.1341,-8.6141,41.1341
399,-8.6141,41.1341,-8.6141,41.1341
400,-8.6141,41.1341,-8.6141,41.1341
401,-8.6141,41.1341,-8.6141,41.1341
402,-8.6141,41.1341,-8.6141,41.1341
403,-8.6141,41.1341,-8.6141,41.1341
404,-8.6141,41.1341,-8.6141,41.1341
405,-8.6141,41.1341,-8.6141,41.1341
406,-8.6141,41.1341,-8.6141,41.1341
407,-8.6141,41.1341,-8.6141,41.1341
408,-8.6141,41.1341,-8.6141,41.1341
409,-8.6141,41.1341,-8.6141,41.1341
410,-8.6141,41.1341,-8.6141,41.1341
411,-8.6141,41.1341,-8.6141,41.1341
412,-8.6141,41.1341,-8.6141,41.1341
413,-8.6141,41.1341,-8.6141,41.1341
414,-8.6141,41.1341,-8.6141,41.1341
415,-8.6141,41.1341,-8.6141,41.1341
416,-8.6141,41.1341,-8.6141,41.1341
417,-8.6141,41.1341,-8.6141,41.1341
418,-8.6141,41.1341,-8.6141,41.1341
419,-8.6141,41.1341,-8.6141,41.1341
420,-8.6141,41.1341,-8.6141,41.1341
421,-8.6141,41.1341,-8.6141,41.1341
422,-8.6141,41.1341,-8.6141,41.1341
423,-8.6141,41.1341,-8.6141,41.1341
424,-8.6141,41.1341,-8.6141,41.1341
425,-8.6141,41.1341,-8.6141,41.1341
426,-8.6141,41.1341,-8.6141,41.1341
427,-8.6141,41.1341,-8.6141,41.1341
428,-8.6141,41.1341,-8.6141,41.1341
429,-8.6141,41.1341,-8.6141,41.1341
430,-8.6141,41.1341,-8.6141,41.1341
431,-8.6142,41.1341,-8.6142,41.1341
432,-8.6142,41.1341,-8.6142,41.1341
433,-8.6142,41.1341,-8.6142,41.1341
434,-8.6141,41.1341,-8.6141,41.1341
435,-8.6141,41.1341,-8.6141,41.1341
436,-8.6141,41.1341,-8.6141,41.1341
437,-8.6141,41.1341,-8.6141,41.1341
438,-8.6142,41.1341,-8.6142,41.1341
439,-8.6142,41.1341,-8.6142,41.1341
440,-8.6142,41.1341,-8.6142,41.1341
441,-8.6141,41.1341,-8.6141,41.1341
442,-8.6141,41.1341,-8.6141,41.1341
443,-8.6141,41.1341,-8.6141,41.1341
444,-8.6141,41.1341,-8.6141,41.1341
445,-8.6141,41.1341,-8.6141,41.1341
446,-8.6141,41.1341,-8.6141,41.1341
447,-8.6141,41.1341,-8.6141,41.1341
448,-8.6141,41.1341,-8.6141,41.1341
449,-8.6141,41.1340,-8.6141,41.1340
450,-8.6141,41.1341,-8.6141,41.1341
451,-8.6141,41.1341,-8.6141,41.1341
452,-8.6141,41.1341,-8.6141,41.1341
453,-8.6141,41.1341,-8.6141,41.1341
454,-8.6141,41.1341,-8.6141,41.1341
455,-8.6141,41.1341,-8.6141,41.1341
456,-8.6141,41.1341,-8.6141,41.1341
457,-8.6141,41.1341,-8.6141,41.1341
458,-8.6141,41.1341,-8.6141,41.1341
459,-8.6141,41.1341,-8.6141,41.1341
460,-8.6141,41.1341,-8.6141,41.1341
461,-8.6141,41.1341,-8.6141,41.1341
462,-8.6141,41.1341,-8.6141,41.1341
463,-8.6141,41.1341,-8.6141,41.1341
464,-8.6141,41.1341,-8.6141,41.1341
465,-8.6141,41.1341,-8.6141,41.1341
466,-8.6141,41.1341,-8.6141,41.1341
467,-8.6141,41.1341,-8.6141,41.1341
468,-8.6141,41.1341,-8.6141,41.1341
469,-8.6141,41.1341,-8.6141,41.1341
470,-8.6141,41.1341,-8.6141,41.1341
471,-8.6141,41.1341,-8.6141,41.1341
472,-8.6141,41.1341,-8.6141,41.1341
473,-8.6141,41.1341,-8.6141,41.1341
474,-8.6141,41.1341,-8.6141,41.1341
475,-8.6141,41.1341,-8.6141,41.1341
476,-8.6141,41.1341,-8.6141,41.1341
477,-8.6141,41.1341,-8.6141,41.1341
478,-8.6141,41.1341,-8.6141,41.1341
479,-8.6141,41.1341,-8.6141,41.1341
480,-8.6141,41.1341,-8.6141,41.1341
481,-8.6141,41.1341,-8.6141,41.1341
482,-8.6141,41.1341,-8.6141,41.1341
483,-8.6141,41.1341,-8.6141,41.1341
484,-8.6141,41.1341,-8.6141,41.1341
485,-8.6141,41.1341,-8.6141,41.1341
486,-8.6141,41.1341,-8.6141,41.1341
487,-8.6141,41.1341,-8.6141,41.1341
488,-8.6141,41.1341,-8.6141,41.1341
489,-8.6141,41.1341,-8.6141,41.1341
490,-8.6141,41.1341,-8.6141,41.1341
491,-8.6141,41.1341,-8.6141,41.1341
492,-8.6141,41.1341,-8.6141,41.1341
493,-8.6141,41.1341,-8.6141,41.1341
494,-8.6141,41.1341,-8.6141,41.1341
495,-8.6141,41.1341,-8.6141,41.1341
496,-8.6141,41.1341,-8.6141,41.1341
497,-8.6141,41.1341,-8.6141,41.1341
498,-8.6141,41.1341,-8.6141,41.1341
499,-8.6141,41.1341,-8.6141,41.1341
500,-8.6141,41.1341,-8.6141,41.1341
501,-8.6141,41.1341,-8.6141,41.1341
502,-8.6141,41.1341,-8.6141,41.1341
503,-8.6141,41.1341,-8.6141,41.1341
504,-8.6141,41.1341,-8.6141,41.1341
505,-8.6141,41.1341,-8.6141,41.1341
506,-8.6141,41.1341,-8.6141,41.1341
507,-8.6141,41.1341,-8.6141,41.1341
508,-8.6141,41.1341,-8.6141,41.1341
509,-8.6141,41.1341,-8.6141,41.1341
510,-8.6141,41.1341,-8.6141,41.1341
511,-8.6141,41.1341,-8.6141,41.1341
512,-8.6141,41.1341,-8.6141,41.1341
513,-8.6141,41.1342,-8.6141,41.1342
514,-8.6141,41.1342,-8.6141,41.1342
515,-8.6141,41.1341,-8.6141,41.1341
516,-8.6141,41.1341,-8.6141,41.1341
517,-8.6141,41.1341,-8.6141,41.1341
518,-8.6141,41.1341,-8.6141,41.1341
519,-8.6141,41.1341,-8.6141,41.1341
520,-8.6141,41.1341,-8.6141,41.1341
521,-8.6141,41.1341,-8.6141,41.1341
522,-8.6141,41.1341,-8.6141,41.1341
523,-8.6141,41.1341,-8.6141,41.1341
524,-8.6141,41.1341,-8.6141,41.1341
525,-8.6141,41.1341,-8.6141,41.1341
526,-8.6141,41.1341,-8.6141,41.1341
527,-8.6141,41.1341,-8.6141,41.1341
528,-8.6141,41.1341,-8.6141,41.1341
529,-8.6141,41.1341,-8.6141,41.1341
530,-8.6141,41.1341,-8.6141,41.1341
531,-8.6141,41.1341,-8.6141,41.1341
532,-8.6141,41.1341,-8.6141,41.1341
533,-8.6141,41.1341,-8.6141,41.1341
534,-8.6141,41.1341,-8.6141,41.1341
535,-8.6141,41.1341,-8.6141,41.1341
536,-8.6141,41.1341,-8.6141,41.1341
537,-8.6141,41.1341,-8.6141,41.1341
538,-8.6141,41.1341,-8.6141,41.1341
539,-8.6141,41.1341,-8.6141,41.1341
540,-8.6141,41.1341,-8.6141,41.1341
541,-8.6141,41.1341,-8.6141,41.1341
542,-8.6141,41.1341,-8.6141,41.1341
543,-8.6141,41.1341,-8.6141,41.1341
544,-8.6141,41.1341,-8.6141,41.1341
545,-8.6141,41.1341,-8.6141,41.1341
546,-8.6141,41.1341,-8.6141,41.1341
547,-8.6141,41.1341,-8.6141,41.1341
548,-8.6141,41.1341,-8.6141,41.1341
549,-8.6141,41.1341,-8.6141,41.1341
550,-8.6141,41.1341,-8.6141,41.1341
551,-8.6141,41.1341,-8.6141,41.1341
552,-8.6141,41.1341,-8.6141,41.1341
553,-8.6141,41.1341,-8.6141,41.1341
554,-8.6141,41.1341,-8.6141,41.1341
555,-8.6142,41.1341,-8.6142,41.1341
556,-8.6142,41.1341,-8.6142,41.1341
557,-8.6142,41.1341,-8.6142,41.1341
558,-8.6141,41.1341,-8.6141,41.1341
559,-8.6142,41.1341,-8.6142,41.1341
560,-8.6142,41.1341,-8.6142,41.1341
561,-8.6142,41.1341,-8.6142,41.1341
562,-8.6142,41.1341,-8.6142,41.1341
563,-8.6142,41.1341,-8.6142,41.1341
564,-8.6142,41.1341,-8.6142,41.1341
565,-8.6142,41.1341,-8.6142,41.1341
566,-8.6142,41.1341,-8.6142,41.1341
567,-8.6141,41.1341,-8.6141,41.1341
568,-8.6141,41.1341,-8.6141,41.1341
569,-8.6141,41.1341,-8.6141,41.1341
570,-8.6141,41.1341,-8.6141,41.1341
571,-8.6141,41.1341,-8.6141,41.1341
572,-8.6141,41.1341,-8.6141,41.1341
573,-8.6141,41.1341,-8.6141,41.1341
574,-8.6141,41.1341,-8.6141,41.1341
575,-8.6141,41.1341,-8.6141,41.1341
576,-8.6141,41.1341,-8.6141,41.1341
577,-8.6141,41.1341,-8.6141,41.1341
578,-8.6141,41.1341,-8.6141,41.1341
579,-8.6141,41.1341,-8.6141,41.1341
580,-8.6141,41.1341,-8.6141,41.1341
581,-8.6141,41.1341,-8.6141,41.1341
582,-8.6141,41.1341,-8.6141,41.1341
583,-8.6142,41.1341,-8.6142,41.1341
584,-8.6141,41.1341,-8.6141,41.1341
585,-8.6141,41.1341,-8.6141,41.1341
586,-8.6141,41.1341,-8.6141,41.1341
587,-8.6141,41.1341,-8.6141,41.1341
588,-8.6141,41.1341,-8.6141,41.1341
589,-8.6141,41.1341,-8.6141,41.1341
590,-8.6141,41.1341,-8.6141,41.1341
591,-8.6141,41.1341,-8.6141,41.1341
592,-8.6141,41.1341,-8.6141,41.1341
593,-8.6141,41.1341,-8.6141,41.1341
594,-8.6141,41.1341,-8.6141,41.1341
595,-8.6141,41.1341,-8.6141,41.1341
596,-8.6141,41.1341,-8.6141,41.1341
597,-8.6141,41.1341,-8.6141,41.1341
598,-8.6141,41.1341,-8.6141,41.1341
599,-8.6141,41.1341,-8.6141,41.1341
600,-8.6141,41.1341,-8.6141,41.1341
601,-8.6141,41.1341,-8.6141,41.1341
602,-8.6141,41.1341,-8.6141,41.1341
603,-8.6141,41.1341,-8.6141,41.1341
604,-8.6141,41.1341,-8.6141,41.1341
605,-8.6141,41.1341,-8.6141,41.1341
606,-8.6141,41.1341,-8.6141,41.1341
607,-8.6141,41.1341,-8.6141,41.1341
608,-8.6141,41.1342,-8.6141,41.1342
609,-8.6141,41.1342,-8.6141,41.1342
610,-8.6141,41.1342,-8.6141,41.1342
611,-8.6141,41.1342,-8.6141,41.1342
612,-8.6141,41.1342,-8.6141,41.1342
613,-8.6141,41.1342,-8.6141,41.1342
614,-8.6141,41.1342,-8.6141,41.1342
615,-8.6141,41.1341,-8.6141,41.1341
616,-8.6142,41.1341,-8.6142,41.1341
617,-8.6142,41.1341,-8.6142,41.1341
618,-8.6142,41.1341,-8.6142,41.1341
619,-8.6142,41.1341,-8.6142,41.1341
620,-8.6142,41.1341,-8.6142,41.1341
621,-8.6142,41.1341,-8.6142,41.1341
622,-8.6141,41.1341,-8.6141,41.1341
623,-8.6141,41.1341,-8.6141,41.1341
624,-8.6141,41.1341,-8.6141,41.1341
625,-8.6141,41.1341,-8.6141,41.1341
626,-8.6141,41.1341,-8.6141,41.1341
627,-8.6142,41.1341,-8.6142,41.1341
628,-8.6142,41.1341,-8.6142,41.1341
629,-8.6142,41.1341,-8.6142,41.1341
630,-8.6142,41.1341,-8.6142,41.1341
631,-8.6142,41.1341,-8.6142,41.1341
632,-8.6142,41.1341,-8.6142,41.1341
633,-8.6142,41.1341,-8.6142,41.1341
634,-8.6142,41.1341,-8.6142,41.1341
635,-8.6142,41.1341,-8.6142,41.1341
636,-8.6142,41.1341,-8.6142,41.1341
637,-8.6142,41.1341,-8.6142,41.1341
638,-8.6142,41.1341,-8.6142,41.1341
639,-8.6142,41.1341,-8.6142,41.1341
640,-8.6142,41.1341,-8.6142,41.1341
641,-8.6142,41.1341,-8.6142,41.1341
642,-8.6142,41.1341,-8.6142,41.1341
643,-8.6142,41.1341,-8.6142,41.1341
644,-8.6142,41.1341,-8.6142,41.1341
645,-8.6142,41.1341,-8.6142,41.1341
646,-8.6142,41.1341,-8.6142,41.1341
647,-8.6142,41.1341,-8.6142,41.1341
648,-8.6142,41.1341,-8.6142,41.1341
649,-8.6142,41.1341,-8.6142,41.1341
650,-8.6142,41.1341,-8.6142,41.1341
651,-8.6142,41.1341,-8.6142,41.1341
652,-8.6142,41.1341,-8.6142,41.1341
653,-8.6142,41.1341,-8.6142,41.1341
654,-8.6142,41.1341,-8.6142,41.1341
655,-8.6142,41.1341,-8.6142,41.1341
656,-8.6142,41.1341,-8.6142,41.1341
657,-8.6142,41.1341,-8.6142,41.1341
658,-8.6142,41.1341,-8.6142,41.1341
659,-8.6142,41.1341,-8.6142,41.1341
660,-8.6142,41.1341,-8.6142,41.1341
661,-8.6142,41.1341,-8.6142,41.1341
662,-8.6142,41.1341,-8.6142,41.1341
663,-8.6142,41.1341,-8.6142,41.1341
664,-8.6142,41.1341,-8.6142,41.1341
665,-8.6141,41.1341,-8.6141,41.1341
666,-8.6141,41.1341,-8.6141,41.1341
667,-8.6141,41.1342,-8.6141,41.1342
668,-8.6141,41.1342,-8.6141,41.1342
669,-8.6141,41.1342,-8.6141,41.1342
670,-8.6141,41.1341,-8.6141,41.1341
671,-8.6141,41.1341,-8.6141,41.1341
672,-8.6142,41.1341,-8.6142,41.1341
673,-8.6142,41.1341,-8.6142,41.1341
674,-8.6142,41.1341,-8.6142,41.1341
675,-8.6142,41.1341,-8.6142,41.1341
676,-8.6142,41.1341,-8.6142,41.1341
677,-8.6141,41.1340,-8.6141,41.1340
678,-8.6140,41.1341,-8.6140,41.1341
679,-8.6140,41.1341,-8.6140,41.1341
680,-8.6143,41.1349,-8.6143,41.1349
681,-8.6139,41.1356,-8.6139,41.1356
682,-8.6144,41.1363,-8.6144,41.1363
683,-8.6150,41.1368,-8.6150,41.1368
684,-8.6151,41.1373,-8.6151,41.1373
685,-8.6164,41.1370,-8.6164,41.1370
686,-8.6175,41.1369,-8.6175,41.1369
687,-8.6180,41.1331,-8.6180,41.1331
688,-8.6179,41.1319,-8.6179,41.1319
689,-8.6188,41.1369,-8.6188,41.1369
690,-8.6197,41.1373,-8.6197,41.1373
691,-8.6205,41.1379,-8.6205,41.1379
692,-8.6212,41.1390,-8.6212,41.1390
693,-8.6186,41.1369,-8.6186,41.1369
694,-8.6197,41.1372,-8.6197,41.1372
695,-8.6203,41.1378,-8.6203,41.1378
696,-8.6211,41.1389,-8.6211,41.1389
697,-8.6220,41.1397,-8.6220,41.1397
698,-8.6229,41.1407,-8.6229,41.1407
699,-8.6183,41.1369,-8.6183,41.1369
700,-8.6195,41.1371,-8.6195,41.1371
701,-8.6201,41.1376,-8.6201,41.1376
702,-8.6210,41.1386,-8.6210,41.1386
703,-8.6218,41.1396,-8.6218,41.1396
704,-8.6227,41.1405,-8.6227,41.1405
705,-8.6180,41.1369,-8.6180,41.1369
706,-8.6193,41.1370,-8.6193,41.1370
707,-8.6199,41.1376,-8.6199,41.1376
708,-8.6209,41.1384,-8.6209,41.1384
709,-8.6216,41.1394,-8.6216,41.1394
710,-8.6225,41.1403,-8.6225,41.1403
711,-8.6178,41.1369,-8.6178,41.1369
712,-8.6191,41.1370,-8.6191,41.1370
713,-8.6197,41.1376,-8.6197,41.1376
714,-8.6208,41.1382,-8.6208,41.1382
715,-8.6214,41.1392,-8.6214,41.1392
716,-8.6224,41.1401,-8.6224,41.1401
717,-8.6233,41.1411,-8.6233,41.1411
718,-8.6246,41.1418,-8.6246,41.1418
719,-8.6262,41.1424,-8.6262,41.1424
720,-8.6188,41.1369,-8.6188,41.1369
721,-8.6197,41.1373,-8.6197,41.1373
722,-8.6205,41.1379,-8.6205,41.1379
723,-8.6212,41.1390,-8.6212,41.1390
724,-8.6221,41.1398,-8.6221,41.1398
725,-8.6230,41.1409,-8.6230,41.1409
726,-8.6242,41.1417,-8.6242,41.1417
727,-8.6258,41.1422,-8.6258,41.1422
728,-8.6274,41.1424,-8.6274,41.1424
729,-8.6290,41.1428,-8.6290,41.1428
730,-8.6311,41.1431,-8.6311,41.1431
731,-8.6332,41.1436,-8.6332,41.1436
732,-8.6352,41.1445,-8.6352,41.1445
733,-8.6366,41.1455,-8.6366,41.1455
734,-8.6380,41.1463,-8.6380,41.1463
735,-8.6397,41.1464,-8.6397,41.1464
736,-8.6412,41.1461,-8.6412,41.1461
737,-8.6430,41.1457,-8.6430,41.1457
738,-8.6445,41.1452,-8.6445,41.1452
739,-8.6458,41.1447,-8.6458,41.1447
740,-8.6468,41.1443,-8.6468,41.1443
741,-8.6473,41.1436,-8.6473,41.1436
742,-8.6479,41.1427,-8.6479,41.1427
743,-8.6490,41.1416,-8.6490,41.1416
744,-8.6507,41.1408,-8.6507,41.1408
745,-8.6521,41.1400,-8.6521,41.1400
746,-8.6541,41.1391,-8.6541,41.1391
747,-8.6561,41.1387,-8.6561,41.1387
748,-8.6580,41.1381,-8.6580,41.1381
749,-8.6592,41.1370,-8.6592,41.1370
750,-8.6606,41.1361,-8.6606,41.1361
751,-8.6623,41.1358,-8.6623,41.1358
752,-8.6634,41.1348,-8.6634,41.1348
753,-8.6629,41.1334,-8.6629,41.1334
754,-8.6628,41.1321,-8.6628,41.1321
755,-8.6628,41.1321,-8.6628,41.1321
756,-8.6628,41.1319,-8.6628,41.1319
757,-8.6647,41.1317,-8.6647,41.1317
758,-8.6665,41.1314,-8.6665,41.1314
759,-8.6674,41.1308,-8.6674,41.1308
760,-8.6670,41.1295,-8.6670,41.1295
761,-8.6677,41.1290,-8.6677,41.1290
762,-8.6672,41.1276,-8.6672,41.1276
763,-8.6665,41.1262,-8.6665,41.1262
764,-8.6666,41.1247,-8.6666,41.1247
765,-8.6664,41.1232,-8.6664,41.1232
766,-8.6663,41.1228,-8.6663,41.1228
767,-8.6663,41.1227,-8.6663,41.1227
768,-8.6659,41.1220,-8.6659,41.1220
769,-8.6651,41.1210,-8.6651,41.1210
770,-8.6649,41.1211,-8.6649,41.1211
771,-8.6650,41.1211,-8.6650,41.1211
772,-8.6660,41.1222,-8.6660,41.1222
773,-8.6664,41.1234,-8.6664,41.1234
774,-8.6665,41.1250,-8.6665,41.1250
775,-8.6667,41.1266,-8.6667,41.1266
776,-8.6673,41.1280,-8.6673,41.1280
777,-8.6677,41.1291,-8.6677,41.1291
778,-8.6673,41.1295,-8.6673,41.1295
779,-8.6669,41.1299,-8.6669,41.1299
780,-8.6674,41.1311,-8.6674,41.1311
781,-8.6661,41.1315,-8.6661,41.1315
782,-8.6643,41.1318,-8.6643,41.1318
783,-8.6634,41.1318,-8.6634,41.1318
784,-8.6627,41.1319,-8.6627,41.1319
785,-8.6627,41.1331,-8.6627,41.1331
786,-8.6633,41.1348,-8.6633,41.1348
787,-8.6618,41.1358,-8.6618,41.1358
788,-8.6600,41.1363,-8.6600,41.1363
789,-8.6587,41.1370,-8.6587,41.1370
790,-8.6579,41.1381,-8.6579,41.1381
791,-8.6562,41.1387,-8.6562,41.1387
792,-8.6542,41.1390,-8.6542,41.1390
793,-8.6523,41.1398,-8.6523,41.1398
794,-8.6507,41.1408,-8.6507,41.1408
795,-8.6490,41.1416,-8.6490,41.1416
796,-8.6480,41.1425,-8.6480,41.1425
797,-8.6472,41.1437,-8.6472,41.1437
798,-8.6464,41.1445,-8.6464,41.1445
799,-8.6448,41.1451,-8.6448,41.1451
800,-8.6432,41.1456,-8.6432,41.1456
801,-8.6415,41.1460,-8.6415,41.1460
802,-8.6397,41.1464,-8.6397,41.1464
803,-8.6383,41.1463,-8.6383,41.1463
804,-8.6371,41.1457,-8.6371,41.1457
805,-8.6359,41.1450,-8.6359,41.1450
806,-8.6355,41.1445,-8.6355,41.1445
807,-8.6368,41.1452,-8.6368,41.1452
808,-8.6384,41.1457,-8.6384,41.1457
809,-8.6402,41.1455,-8.6402,41.1455
810,-8.6422,41.1445,-8.6422,41.1445
811,-8.6418,41.1428,-8.6418,41.1428
812,-8.6415,41.1420,-8.6415,41.1420
813,-8.6418,41.1434,-8.6418,41.1434
814,-8.6415,41.1451,-8.6415,41.1451
815,-8.6388,41.1453,-8.6388,41.1453
816,-8.6377,41.1438,-8.6377,41.1438
817,-8.6393,41.1441,-8.6393,41.1441
818,-8.6399,41.1462,-8.6399,41.1462
819,-8.6405,41.1486,-8.6405,41.1486
820,-8.6413,41.1509,-8.6413,41.1509
821,-8.6437,41.1527,-8.6437,41.1527
822,-8.6452,41.1551,-8.6452,41.1551
823,-8.6454,41.1571,-8.6454,41.1571
824,-8.6456,41.1577,-8.6456,41.1577
825,-8.6464,41.1561,-8.6464,41.1561
826,-8.6471,41.1554,-8.6471,41.1554
827,-8.6482,41.1550,-8.6482,41.1550
828,-8.6490,41.1546,-8.6490,41.1546
829,-8.6501,41.1541,-8.6501,41.1541
830,-8.6503,41.1540,-8.6503,41.1540
831,-8.6508,41.1534,-8.6508,41.1534
832,-8.6514,41.1527,-8.6514,41.1527
833,-8.6514,41.1527,-8.6514,41.1527
834,-8.6526,41.1522,-8.6526,41.1522
835,-8.6548,41.1522,-8.6548,41.1522
836,-8.6565,41.1514,-8.6565,41.1514
837,-8.6559,41.1500,-8.6559,41.1500
838,-8.6541,41.1490,-8.6541,41.1490
839,-8.6541,41.1490,-8.6541,41.1490
840,-8.6548,41.1483,-8.6548,41.1483
841,-8.6566,41.1474,-8.6566,41.1474
842,-8.6583,41.1467,-8.6583,41.1467
843,-8.6603,41.1471,-8.6603,41.1471
844,-8.6621,41.1477,-8.6621,41.1477
845,-8.6641,41.1481,-8.6641,41.1481
846,-8.6658,41.1478,-8.6658,41.1478
847,-8.6673,41.1475,-8.6673,41.1475
848,-8.6690,41.1482,-8.6690,41.1482
849,-8.6697,41.1484,-8.6697,41.1484
850,-8.6698,41.1485,-8.6698,41.1485
851,-8.6704,41.1487,-8.6704,41.1487
852,-8.6711,41.1490,-8.6711,41.1490
853,-8.6715,41.1491,-8.6715,41.1491
854,-8.6719,41.1491,-8.6719,41.1491
855,-8.6727,41.1491,-8.6727,41.1491
856,-8.6731,41.1492,-8.6731,41.1492
857,-8.6742,41.1494,-8.6742,41.1494
858,-8.6754,41.1494,-8.6754,41.1494
859,-8.6758,41.1497,-8.6758,41.1497
860,-8.6759,41.1498,-8.6759,41.1498
861,-8.6760,41.1501,-8.6760,41.1501
862,-8.6761,41.1504,-8.6761,41.1504
863,-8.6763,41.1506,-8.6763,41.1506
864,-8.6766,41.1511,-8.6766,41.1511
865,-8.6770,41.1517,-8.6770,41.1517
866,-8.6775,41.1522,-8.6775,41.1522
867,-8.6781,41.1528,-8.6781,41.1528
868,-8.6796,41.1545,-8.6796,41.1545
869,-8.6805,41.1555,-8.6805,41.1555
870,-8.6820,41.1574,-8.6820,41.1574
871,-8.6837,41.1594,-8.6837,41.1594
872,-8.6846,41.1609,-8.6846,41.1609
873,-8.6854,41.1624,-8.6854,41.1624
874,-8.6859,41.1632,-8.6859,41.1632
875,-8.6867,41.1647,-8.6867,41.1647
876,-8.6878,41.1665,-8.6878,41.1665
877,-8.6881,41.1676,-8.6881,41.1676
878,-8.6885,41.1684,-8.6885,41.1684
879,-8.6893,41.1682,-8.6893,41.1682
880,-8.6894,41.1681,-8.6894,41.1681
881,-8.6894,41.1680,-8.6894,41.1680
882,-8.6894,41.1680,-8.6894,41.1680
883,-8.6894,41.1680,-8.6894,41.1680
884,-8.6894,41.1680,-8.6894,41.1680
885,-8.6894,41.1680,-8.6894,41.1680
886,-8.6894,41.1681,-8.6894,41.1681
887,-8.6894,41.1680,-8.6894,41.1680
888,-8.6894,41.1680,-8.6894,41.1680
889,-8.6894,41.1680,-8.6894,41.1680
890,-8.6894,41.1680,-8.6894,41.1680
891,-8.6894,41.1680,-8.6894,41.1680
892,-8.6894,41.1680,-8.6894,41.1680
893,-8.6894,41.1681,-8.6894,41.1681
894,-8.6894,41.1681,-8.6894,41.1681
895,-8.6894,41.1681,-8.6894,41.1681
896,-8.6894,41.1680,-8.6894,41.1680
897,-8.6893,41.1678,-8.6893,41.1678
898,-8.6880,41.1676,-8.6880,41.1676
899,-8.6878,41.1688,-8.6878,41.1688
900,-8.6870,41.1701,-8.6870,41.1701
901,-8.6874,41.1715,-8.6874,41.1715
902,-8.6883,41.1727,-8.6883,41.1727
903,-8.6883,41.1735,-8.6883,41.1735
904,-8.6892,41.1736,-8.6892,41.1736
905,-8.6886,41.1729,-8.6886,41.1729
906,-8.6880,41.1721,-8.6880,41.1721
907,-8.6874,41.1712,-8.6874,41.1712
908,-8.6871,41.1698,-8.6871,41.1698
909,-8.6875,41.1693,-8.6875,41.1693
910,-8.6878,41.1689,-8.6878,41.1689
911,-8.6880,41.1687,-8.6880,41.1687
912,-8.6882,41.1685,-8.6882,41.1685
913,-8.6892,41.1681,-8.6892,41.1681
914,-8.6882,41.1674,-8.6882,41.1674
915,-8.6865,41.1675,-8.6865,41.1675
916,-8.6853,41.1673,-8.6853,41.1673
917,-8.6853,41.1673,-8.6853,41.1673
918,-8.6849,41.1672,-8.6849,41.1672
919,-8.6830,41.1669,-8.6830,41.1669
920,-8.6809,41.1666,-8.6809,41.1666
921,-8.6783,41.1661,-8.6783,41.1661
922,-8.6756,41.1657,-8.6756,41.1657
923,-8.6730,41.1652,-8.6730,41.1652
924,-8.6704,41.1648,-8.6704,41.1648
925,-8.6674,41.1642,-8.6674,41.1642
926,-8.6646,41.1638,-8.6646,41.1638
927,-8.6636,41.1636,-8.6636,41.1636
928,-8.6633,41.1635,-8.6633,41.1635
929,-8.6635,41.1625,-8.6635,41.1625
930,-8.6651,41.1617,-8.6651,41.1617
931,-8.6650,41.1610,-8.6650,41.1610
932,-8.6640,41.1596,-8.6640,41.1596
933,-8.6634,41.1588,-8.6634,41.1588
934,-8.6623,41.1592,-8.6623,41.1592
935,-8.6603,41.1600,-8.6603,41.1600
936,-8.6598,41.1602,-8.6598,41.1602
937,-8.6598,41.1602,-8.6598,41.1602
938,-8.6599,41.1603,-8.6599,41.1603
939,-8.6608,41.1600,-8.6608,41.1600
940,-8.6626,41.1592,-8.6626,41.1592
941,-8.6621,41.1585,-8.6621,41.1585
942,-8.6612,41.1577,-8.6612,41.1577
943,-8.6606,41.1584,-8.6606,41.1584
944,-8.6600,41.1597,-8.6600,41.1597
945,-8.6600,41.1597,-8.6600,41.1597
946,-8.6601,41.1597,-8.6601,41.1597
947,-8.6601,41.1597,-8.6601,41.1597
948,-8.6601,41.1597,-8.6601,41.1597
949,-8.6601,41.1597,-8.6601,41.1597
950,-8.6601,41.1597,-8.6601,41.1597
951,-8.6601,41.1598,-8.6601,41.1598
952,-8.6601,41.1598,-8.6601,41.1598
953,-8.6601,41.1598,-8.6601,41.1598
954,-8.6600,41.1598,-8.6600,41.1598
955,-8.6600,41.1598,-8.6600,41.1598
956,-8.6600,41.1597,-8.6600,41.1597
957,-8.6600,41.1597,-8.6600,41.1597
958,-8.6600,41.1597,-8.6600,41.1597
959,-8.6600,41.1597,-8.6600,41.1597
960,-8.6601,41.1598,-8.6601,41.1598
961,-8.6601,41.1598,-8.6601,41.1598
962,-8.6601,41.1598,-8.6601,41.1598
963,-8.6601,41.1598,-8.6601,41.1598
964,-8.6601,41.1598,-8.6601,41.1598
965,-8.6601,41.1598,-8.6601,41.1598
966,-8.6601,41.1598,-8.6601,41.1598
967,-8.6601,41.1598,-8.6601,41.1598
968,-8.6601,41.1598,-8.6601,41.1598
969,-8.6601,41.1598,-8.6601,41.1598
970,-8.6601,41.1598,-8.6601,41.1598
971,-8.6601,41.1598,-8.6601,41.1598
972,-8.6600,41.1598,-8.6600,41.1598
973,-8.6600,41.1598,-8.6600,41.1598
974,-8.6601,41.1597,-8.6601,41.1597
975,-8.6601,41.1597,-8.6601,41.1597
976,-8.6601,41.1597,-8.6601,41.1597
977,-8.6601,41.1597,-8.6601,41.1597
978,-8.6601,41.1597,-8.6601,41.1597
979,-8.6601,41.1597,-8.6601,41.1597
980,-8.6601,41.1597,-8.6601,41.1597
981,-8.6601,41.1597,-8.6601,41.1597
982,-8.6601,41.1598,-8.6601,41.1598
983,-8.6601,41.1598,-8.6601,41.1598
984,-8.6601,41.1598,-8.6601,41.1598
985,-8.6600,41.1598,-8.6600,41.1598
986,-8.6600,41.1597,-8.6600,41.1597
987,-8.6600,41.1597,-8.6600,41.1597
988,-8.6601,41.1597,-8.6601,41.1597
989,-8.6601,41.1597,-8.6601,41.1597
990,-8.6601,41.1597,-8.6601,41.1597
991,-8.6601,41.1597,-8.6601,41.1597
992,-8.6601,41.1597,-8.6601,41.1597
993,-8.6601,41.1598,-8.6601,41.1598
994,-8.6601,41.1598,-8.6601,41.1598
995,-8.6601,41.1598,-8.6601,41.1598
996,-8.6601,41.1598,-8.6601,41.1598
997,-8.6601,41.1597,-8.6601,41.1597
998,-8.6601,41.1598,-8.6601,41.1598
999,-8.6600,41.1597,-8.6600,41.1597
1000,-8.6600,41.1598,-8.6600,41.1598
1001,-8.6600,41.1598,-8.6600,41.1598
1002,-8.6600,41.1598,-8.6600,41.1598
1003,-8.6600,41.1598,-8.6600,41.1598
1004,-8.6600,41.1597,-8.6600,41.1597
1005,-8.6600,41.1597,-8.6600,41.1597
1006,-8.6601,41.1598,-8.6601,41.1598
1007,-8.6601,41.1598,-8.6601,41.1598
1008,-8.6601,41.1598,-8.6601,41.1598
1009,-8.6601,41.1598,-8.6601,41.1598
1010,-8.6601,41.1598,-8.6601,41.1598
1011,-8.6601,41.1598,-8.6601,41.1598
1012,-8.6601,41.1597,-8.6601,41.1597
1013,-8.6601,41.1597,-8.6601,41.1597
1014,-8.6601,41.1597,-8.6601,41.1597
1015,-8.6601,41.1597,-8.6601,41.1597
1016,-8.6601,41.1597,-8.6601,41.1597
1017,-8.6600,41.1598,-8.6600,41.1598
1018,-8.6600,41.1598,-8.6600,41.1598
1019,-8.6600,41.1598,-8.6600,41.1598
1020,-8.6600,41.1598,-8.6600,41.1598
1021,-8.6601,41.1598,-8.6601,41.1598
1022,-8.6601,41.1598,-8.6601,41.1598
1023,-8.6601,41.1598,-8.6601,41.1598
1024,-8.6601,41.1598,-8.6601,41.1598
1025,-8.6601,41.1598,-8.6601,41.1598
1026,-8.6601,41.1598,-8.6601,41.1598
1027,-8.6601,41.1597,-8.6601,41.1597
1028,-8.6600,41.1597,-8.6600,41.1597
1029,-8.6600,41.1597,-8.6600,41.1597
1030,-8.6600,41.1597,-8.6600,41.1597
1031,-8.6600,41.1597,-8.6600,41.1597
1032,-8.6600,41.1597,-8.6600,41.1597
1033,-8.6600,41.1597,-8.6600,41.1597
1034,-8.6600,41.1597,-8.6600,41.1597
1035,-8.6601,41.1597,-8.6601,41.1597
1036,-8.6601,41.1597,-8.6601,41.1597
1037,-8.6600,41.1597,-8.6600,41.1597
1038,-8.6601,41.1597,-8.6601,41.1597
1039,-8.6601,41.1597,-8.6601,41.1597
1040,-8.6601,41.1597,-8.6601,41.1597
1041,-8.6601,41.1598,-8.6601,41.1598
1042,-8.6601,41.1598,-8.6601,41.1598
1043,-8.6600,41.1597,-8.6600,41.1597
1044,-8.6600,41.1597,-8.6600,41.1597
1045,-8.6600,41.1598,-8.6600,41.1598
1046,-8.6601,41.1598,-8.6601,41.1598
1047,-8.6601,41.1597,-8.6601,41.1597
1048,-8.6601,41.1597,-8.6601,41.1597
1049,-8.6601,41.1597,-8.6601,41.1597
1050,-8.6600,41.1597,-8.6600,41.1597
1051,-8.6600,41.1597,-8.6600,41.1597
1052,-8.6600,41.1597,-8.6600,41.1597
1053,-8.6600,41.1597,-8.6600,41.1597
1054,-8.6600,41.1597,-8.6600,41.1597
1055,-8.6600,41.1597,-8.6600,41.1597
1056,-8.6600,41.1597,-8.6600,41.1597
1057,-8.6600,41.1597,-8.6600,41.1597
1058,-8.6600,41.1597,-8.6600,41.1597
1059,-8.6600,41.1597,-8.6600,41.1597
1060,-8.6600,41.1597,-8.6600,41.1597
1061,-8.6600,41.1597,-8.6600,41.1597
1062,-8.6600,41.1597,-8.6600,41.1597
1063,-8.6600,41.1597,-8.6600,41.1597
1064,-8.6600,41.1597,-8.6600,41.1597
1065,-8.6600,41.1597,-8.6600,41.1597
1066,-8.6601,41.1597,-8.6601,41.1597
1067,-8.6601,41.1597,-8.6601,41.1597
1068,-8.6601,41.1597,-8.6601,41.1597
1069,-8.6600,41.1597,-8.6600,41.1597
1070,-8.6600,41.1597,-8.6600,41.1597
1071,-8.6600,41.1597,-8.6600,41.1597
1072,-8.6600,41.1597,-8.6600,41.1597
1073,-8.6600,41.1597,-8.6600,41.1597
1074,-8.6600,41.1597,-8.6600,41.1597
1075,-8.6600,41.1597,-8.6600,41.1597
1076,-8.6600,41.1597,-8.6600,41.1597
1077,-8.6600,41.1597,-8.6600,41.1597
1078,-8.6600,41.1597,-8.6600,41.1597
1079,-8.6600,41.1597,-8.6600,41.1597
1080,-8.6600,41.1597,-8.6600,41.1597
1081,-8.6600,41.1597,-8.6600,41.1597
1082,-8.6600,41.1597,-8.6600,41.1597
1083,-8.6600,41.1597,-8.6600,41.1597
1084,-8.6600,41.1597,-8.6600,41.1597
1085,-8.6600,41.1597,-8.6600,41.1597
1086,-8.6600,41.1597,-8.6600,41.1597
1087,-8.6600,41.1597,-8.6600,41.1597
1088,-8.6600,41.1597,-8.6600,41.1597
1089,-8.6600,41.1597,-8.6600,41.1597
1090,-8.6600,41.1597,-8.6600,41.1597
1091,-8.6600,41.1597,-8.6600,41.1597
1092,-8.6600,41.1597,-8.6600,41.1597
1093,-8.6600,41.1598,-8.6600,41.1598
1094,-8.6600,41.1598,-8.6600,41.1598
1095,-8.6600,41.1598,-8.6600,41.1598
1096,-8.6600,41.1597,-8.6600,41.1597
1097,-8.6600,41.1597,-8.6600,41.1597
1098,-8.6600,41.1597,-8.6600,41.1597
1099,-8.6600,41.1597,-8.6600,41.1597
1100,-8.6600,41.1597,-8.6600,41.1597
1101,-8.6600,41.1597,-8.6600,41.1597
1102,-8.6600,41.1597,-8.6600,41.1597
1103,-8.6600,41.1597,-8.6600,41.1597
1104,-8.6600,41.1597,-8.6600,41.1597
1105,-8.6600,41.1597,-8.6600,41.1597
1106,-8.6600,41.1597,-8.6600,41.1597
1107,-8.6600,41.1597,-8.6600,41.1597
1108,-8.6600,41.1597,-8.6600,41.1597
1109,-8.6600,41.1597,-8.6600,41.1597
1110,-8.6600,41.1597,-8.6600,41.1597
1111,-8.6600,41.1597,-8.6600,41.1597
1112,-8.6600,41.1597,-8.6600,41.1597
1113,-8.6600,41.1597,-8.6600,41.1597
1114,-8.6600,41.1597,-8.6600,41.1597
1115,-8.6600,41.1597,-8.6600,41.1597
1116,-8.6600,41.1597,-8.6600,41.1597
1117,-8.6600,41.1597,-8.6600,41.1597
1118,-8.6600,41.1597,-8.6600,41.1597
1119,-8.6600,41.1599,-8.6600,41.1599
1120,-8.6598,41.1601,-8.6598,41.1601
1121,-8.6592,41.1604,-8.6592,41.1604
1122,-8.6577,41.1611,-8.6577,41.1611
1123,-8.6564,41.1618,-8.6564,41.1618
1124,-8.6552,41.1622,-8.6552,41.1622
1125,-8.6535,41.1619,-8.6535,41.1619
1126,-8.6514,41.1616,-8.6514,41.1616
1127,-8.6508,41.1615,-8.6508,41.1615
1128,-8.6489,41.1612,-8.6489,41.1612
1129,-8.6467,41.1608,-8.6467,41.1608
1130,-8.6464,41.1608,-8.6464,41.1608
1131,-8.6449,41.1605,-8.6449,41.1605
1132,-8.6448,41.1605,-8.6448,41.1605
1133,-8.6439,41.1604,-8.6439,41.1604
1134,-8.6430,41.1603,-8.6430,41.1603
1135,-8.6429,41.1605,-8.6429,41.1605
1136,-8.6425,41.1605,-8.6425,41.1605
1137,-8.6405,41.1601,-8.6405,41.1601
1138,-8.6386,41.1598,-8.6386,41.1598
1139,-8.6367,41.1595,-8.6367,41.1595
1140,-8.6363,41.1594,-8.6363,41.1594
1141,-8.6363,41.1594,-8.6363,41.1594
1142,-8.6350,41.1591,-8.6350,41.1591
1143,-8.6332,41.1588,-8.6332,41.1588
1144,-8.6330,41.1592,-8.6330,41.1592
1145,-8.6328,41.1597,-8.6328,41.1597
1146,-8.6327,41.1605,-8.6327,41.1605
1147,-8.6329,41.1616,-8.6329,41.1616
1148,-8.6328,41.1618,-8.6328,41.1618
1149,-8.6329,41.1619,-8.6329,41.1619
1150,-8.6329,41.1620,-8.6329,41.1620
1151,-8.6323,41.1618,-8.6323,41.1618
1152,-8.6304,41.1614,-8.6304,41.1614
1153,-8.6297,41.1611,-8.6297,41.1611
1154,-8.6289,41.1610,-8.6289,41.1610
1155,-8.6289,41.1610,-8.6289,41.1610
1156,-8.6287,41.1609,-8.6287,41.1609
1157,-8.6281,41.1615,-8.6281,41.1615
1158,-8.6280,41.1616,-8.6280,41.1616
1159,-8.6280,41.1616,-8.6280,41.1616
1160,-8.6280,41.1615,-8.6280,41.1615
1161,-8.6279,41.1614,-8.6279,41.1614
1162,-8.6278,41.1613,-8.6278,41.1613
1163,-8.6278,41.1613,-8.6278,41.1613
1164,-8.6277,41.1612,-8.6277,41.1612
1165,-8.6278,41.1613,-8.6278,41.1613
1166,-8.6278,41.1613,-8.6278,41.1613
1167,-8.6278,41.1613,-8.6278,41.1613
1168,-8.6278,41.1614,-8.6278,41.1614
1169,-8.6278,41.1614,-8.6278,41.1614
1170,-8.6279,41.1614,-8.6279,41.1614
1171,-8.6279,41.1614,-8.6279,41.1614
1172,-8.6279,41.1614,-8.6279,41.1614
1173,-8.6279,41.1615,-8.6279,41.1615
1174,-8.6279,41.1615,-8.6279,41.1615
1175,-8.6279,41.1615,-8.6279,41.1615
1176,-8.6280,41.1615,-8.6280,41.1615
1177,-8.6279,41.1615,-8.6279,41.1615
1178,-8.6280,41.1616,-8.6280,41.1616
1179,-8.6279,41.1616,-8.6279,41.1616
1180,-8.6279,41.1615,-8.6279,41.1615
1181,-8.6279,41.1615,-8.6279,41.1615
1182,-8.6280,41.1619,-8.6280,41.1619
1183,-8.6288,41.1619,-8.6288,41.1619
1184,-8.6292,41.1609,-8.6292,41.1609
1185,-8.6290,41.1609,-8.6290,41.1609
1186,-8.6290,41.1609,-8.6290,41.1609
1187,-8.6288,41.1609,-8.6288,41.1609
1188,-8.6285,41.1606,-8.6285,41.1606
1189,-8.6287,41.1600,-8.6287,41.1600
1190,-8.6288,41.1594,-8.6288,41.1594
1191,-8.6289,41.1591,-8.6289,41.1591
1192,-8.6290,41.1591,-8.6290,41.1591
1193,-8.6290,41.1590,-8.6290,41.1590
1194,-8.6296,41.1588,-8.6296,41.1588
1195,-8.6300,41.1587,-8.6300,41.1587
1196,-8.6303,41.1584,-8.6303,41.1584
1197,-8.6303,41.1578,-8.6303,41.1578
1198,-8.6301,41.1574,-8.6301,41.1574
1199,-8.6300,41.1572,-8.6300,41.1572
1200,-8.6300,41.1572,-8.6300,41.1572
1201,-8.6295,41.1570,-8.6295,41.1570
1202,-8.6287,41.1571,-8.6287,41.1571
1203,-8.6282,41.1565,-8.6282,41.1565
1204,-8.6272,41.1553,-8.6272,41.1553
1205,-8.6269,41.1548,-8.6269,41.1548
1206,-8.6269,41.1548,-8.6269,41.1548
1207,-8.6265,41.1538,-8.6265,41.1538
1208,-8.6263,41.1532,-8.6263,41.1532
1209,-8.6263,41.1530,-8.6263,41.1530
1210,-8.6263,41.1531,-8.6263,41.1531
1211,-8.6263,41.1531,-8.6263,41.1531
1212,-8.6263,41.1531,-8.6263,41.1531
1213,-8.6262,41.1525,-8.6262,41.1525
1214,-8.6259,41.1508,-8.6259,41.1508
1215,-8.6256,41.1494,-8.6256,41.1494
1216,-8.6254,41.1486,-8.6254,41.1486
1217,-8.6252,41.1485,-8.6252,41.1485
1218,-8.6252,41.1485,-8.6252,41.1485
1219,-8.6248,41.1484,-8.6248,41.1484
1220,-8.6246,41.1482,-8.6246,41.1482
1221,-8.6246,41.1481,-8.6246,41.1481
1222,-8.6251,41.1475,-8.6251,41.1475
1223,-8.6252,41.1474,-8.6252,41.1474
1224,-8.6252,41.1474,-8.6252,41.1474
1225,-8.6252,41.1474,-8.6252,41.1474
1226,-8.6252,41.1474,-8.6252,41.1474
1227,-8.6251,41.1474,-8.6251,41.1474
1228,-8.6250,41.1475,-8.6250,41.1475
1229,-8.6248,41.1478,-8.6248,41.1478
1230,-8.6246,41.1482,-8.6246,41.1482
1231,-8.6245,41.1483,-8.6245,41.1483
1232,-8.6238,41.1481,-8.6238,41.1481
1233,-8.6230,41.1478,-8.6230,41.1478
1234,-8.6223,41.1477,-8.6223,41.1477
1235,-8.6216,41.1475,-8.6216,41.1475
1236,-8.6204,41.1472,-8.6204,41.1472
1237,-8.6202,41.1463,-8.6202,41.1463
1238,-8.6202,41.1463,-8.6202,41.1463
1239,-8.6202,41.1463,-8.6202,41.1463
1240,-8.6202,41.1462,-8.6202,41.1462
1241,-8.6189,41.1463,-8.6189,41.1463
1242,-8.6177,41.1463,-8.6177,41.1463
1243,-8.6175,41.1454,-8.6175,41.1454
1244,-8.6167,41.1450,-8.6167,41.1450
1245,-8.6156,41.1456,-8.6156,41.1456
1246,-8.6143,41.1460,-8.6143,41.1460
1247,-8.6144,41.1465,-8.6144,41.1465
1248,-8.6149,41.1468,-8.6149,41.1468
1249,-8.6149,41.1467,-8.6149,41.1467
1250,-8.6149,41.1467,-8.6149,41.1467
1251,-8.6150,41.1467,-8.6150,41.1467
1252,-8.6152,41.1468,-8.6152,41.1468
1253,-8.6152,41.1468,-8.6152,41.1468
1254,-8.6152,41.1468,-8.6152,41.1468
1255,-8.6152,41.1468,-8.6152,41.1468
1256,-8.6152,41.1468,-8.6152,41.1468
1257,-8.6152,41.1468,-8.6152,41.1468
1258,-8.6152,41.1468,-8.6152,41.1468
1259,-8.6152,41.1468,-8.6152,41.1468
1260,-8.6152,41.1468,-8.6152,41.1468
1261,-8.6152,41.1468,-8.6152,41.1468
1262,-8.6152,41.1468,-8.6152,41.1468
1263,-8.6152,41.1468,-8.6152,41.1468
1264,-8.6152,41.1468,-8.6152,41.1468
1265,-8.6152,41.1468,-8.6152,41.1468
1266,-8.6153,41.1468,-8.6153,41.1468
1267,-8.6153,41.1468,-8.6153,41.1468
1268,-8.6153,41.1468,-8.6153,41.1468
1269,-8.6153,41.1468,-8.6153,41.1468
1270,-8.6153,41.1468,-8.6153,41.1468
1271,-8.6153,41.1468,-8.6153,41.1468
1272,-8.6153,41.1468,-8.6153,41.1468
1273,-8.6153,41.1468,-8.6153,41.1468
1274,-8.6153,41.1468,-8.6153,41.1468
1275,-8.6153,41.1468,-8.6153,41.1468
1276,-8.6153,41.1469,-8.6153,41.1469
1277,-8.6153,41.1469,-8.6153,41.1469
1278,-8.6153,41.1468,-8.6153,41.1468
1279,-8.6153,41.1468,-8.6153,41.1468
1280,-8.6153,41.1468,-8.6153,41.1468
1281,-8.6152,41.1468,-8.6152,41.1468
1282,-8.6152,41.1468,-8.6152,41.1468
1283,-8.6152,41.1468,-8.6152,41.1468
1284,-8.6153,41.1468,-8.6153,41.1468
1285,-8.6153,41.1468,-8.6153,41.1468
1286,-8.6153,41.1468,-8.6153,41.1468
1287,-8.6153,41.1468,-8.6153,41.1468
1288,-8.6153,41.1468,-8.6153,41.1468
1289,-8.6153,41.1468,-8.6153,41.1468
1290,-8.6153,41.1468,-8.6153,41.1468
1291,-8.6153,41.1468,-8.6153,41.1468
1292,-8.6153,41.1468,-8.6153,41.1468
1293,-8.6153,41.1468,-8.6153,41.1468
1294,-8.6153,41.1468,-8.6153,41.1468
1295,-8.6153,41.1468,-8.6153,41.1468
1296,-8.6153,41.1469,-8.6153,41.1469
1297,-8.6153,41.1469,-8.6153,41.1469
1298,-8.6153,41.1468,-8.6153,41.1468
1299,-8.6153,41.1468,-8.6153,41.1468
1300,-8.6153,41.1468,-8.6153,41.1468
1301,-8.6153,41.1468,-8.6153,41.1468
1302,-8.6153,41.1468,-8.6153,41.1468
1303,-8.6153,41.1469,-8.6153,41.1469
1304,-8.6153,41.1468,-8.6153,41.1468
1305,-8.6153,41.1468,-8.6153,41.1468
1306,-8.6153,41.1468,-8.6153,41.1468
1307,-8.6153,41.1468,-8.6153,41.1468
1308,-8.6152,41.1468,-8.6152,41.1468
1309,-8.6152,41.1469,-8.6152,41.1469
1310,-8.6153,41.1469,-8.6153,41.1469
1311,-8.6156,41.1473,-8.6156,41.1473
1312,-8.6163,41.1471,-8.6163,41.1471
1313,-8.6172,41.1472,-8.6172,41.1472
1314,-8.6179,41.1471,-8.6179,41.1471
1315,-8.6178,41.1466,-8.6178,41.1466
1316,-8.6178,41.1466,-8.6178,41.1466
1317,-8.6178,41.1466,-8.6178,41.1466
1318,-8.6177,41.1466,-8.6177,41.1466
1319,-8.6175,41.1456,-8.6175,41.1456
1320,-8.6174,41.1452,-8.6174,41.1452
1321,-8.6173,41.1450,-8.6173,41.1450
1322,-8.6162,41.1452,-8.6162,41.1452
1323,-8.6152,41.1457,-8.6152,41.1457
1324,-8.6138,41.1461,-8.6138,41.1461
1325,-8.6128,41.1461,-8.6128,41.1461
1326,-8.6120,41.1462,-8.6120,41.1462
1327,-8.6119,41.1461,-8.6119,41.1461
1328,-8.6117,41.1460,-8.6117,41.1460
1329,-8.6114,41.1460,-8.6114,41.1460
1330,-8.6113,41.1461,-8.6113,41.1461
1331,-8.6113,41.1461,-8.6113,41.1461
1332,-8.6112,41.1461,-8.6112,41.1461
1333,-8.6108,41.1461,-8.6108,41.1461
1334,-8.6108,41.1456,-8.6108,41.1456
1335,-8.6108,41.1456,-8.6108,41.1456
1336,-8.6108,41.1456,-8.6108,41.1456
1337,-8.6108,41.1456,-8.6108,41.1456
1338,-8.6108,41.1452,-8.6108,41.1452
1339,-8.6106,41.1442,-8.6106,41.1442
1340,-8.6103,41.1433,-8.6103,41.1433
1341,-8.6088,41.1432,-8.6088,41.1432
1342,-8.6072,41.1424,-8.6072,41.1424
1343,-8.6054,41.1430,-8.6054,41.1430
1344,-8.6052,41.1433,-8.6052,41.1433
1345,-8.6050,41.1440,-8.6050,41.1440
1346,-8.6064,41.1446,-8.6064,41.1446
1347,-8.6067,41.1448,-8.6067,41.1448
1348,-8.6069,41.1448,-8.6069,41.1448
1349,-8.6074,41.1455,-8.6074,41.1455
1350,-8.6072,41.1458,-8.6072,41.1458
1351,-8.6071,41.1461,-8.6071,41.1461
1352,-8.6071,41.1462,-8.6071,41.1462
1353,-8.6071,41.1463,-8.6071,41.1463
1354,-8.6069,41.1465,-8.6069,41.1465
1355,-8.6069,41.1466,-8.6069,41.1466
1356,-8.6069,41.1467,-8.6069,41.1467
1357,-8.6069,41.1467,-8.6069,41.1467
1358,-8.6069,41.1467,-8.6069,41.1467
1359,-8.6069,41.1467,-8.6069,41.1467
1360,-8.6068,41.1469,-8.6068,41.1469
1361,-8.6067,41.1472,-8.6067,41.1472
1362,-8.6066,41.1473,-8.6066,41.1473
1363,-8.6066,41.1473,-8.6066,41.1473
1364,-8.6066,41.1473,-8.6066,41.1473
1365,-8.6066,41.1473,-8.6066,41.1473
1366,-8.6066,41.1473,-8.6066,41.1473
1367,-8.6066,41.1473,-8.6066,41.1473
1368,-8.6066,41.1473,-8.6066,41.1473
1369,-8.6066,41.1473,-8.6066,41.1473
1370,-8.6066,41.1473,-8.6066,41.1473
1371,-8.6066,41.1473,-8.6066,41.1473
1372,-8.6066,41.1473,-8.6066,41.1473
1373,-8.6067,41.1473,-8.6067,41.1473
1374,-8.6067,41.1473,-8.6067,41.1473
1375,-8.6066,41.1473,-8.6066,41.1473
1376,-8.6066,41.1473,-8.6066,41.1473
1377,-8.6066,41.1472,-8.6066,41.1472
1378,-8.6066,41.1472,-8.6066,41.1472
1379,-8.6066,41.1473,-8.6066,41.1473
1380,-8.6066,41.1473,-8.6066,41.1473
1381,-8.6066,41.1473,-8.6066,41.1473
1382,-8.6066,41.1473,-8.6066,41.1473
1383,-8.6066,41.1473,-8.6066,41.1473
1384,-8.6066,41.1473,-8.6066,41.1473
1385,-8.6067,41.1473,-8.6067,41.1473
1386,-8.6067,41.1473,-8.6067,41.1473
1387,-8.6067,41.1473,-8.6067,41.1473
1388,-8.6067,41.1473,-8.6067,41.1473
