1,-8.6406,41.1611,-8.6406,41.1611
2,-8.6401,41.1617,-8.6401,41.1617
3,-8.6393,41.1624,-8.6393,41.1624
4,-8.6386,41.1625,-8.6386,41.1625
5,-8.6379,41.1619,-8.6379,41.1619
6,-8.6379,41.1619,-8.6379,41.1619
7,-8.6379,41.1619,-8.6379,41.1619
8,-8.6379,41.1619,-8.6379,41.1619
9,-8.6379,41.1619,-8.6379,41.1619
10,-8.6384,41.1615,-8.6384,41.1615
11,-8.6401,41.1608,-8.6401,41.1608
12,-8.6416,41.1602,-8.6416,41.1602
13,-8.6416,41.1602,-8.6416,41.1602
14,-8.6416,41.1602,-8.6416,41.1602
15,-8.6423,41.1602,-8.6423,41.1602
16,-8.6438,41.1605,-8.6438,41.1605
17,-8.6438,41.1606,-8.6438,41.1606
18,-8.6438,41.1606,-8.6438,41.1606
19,-8.6438,41.1606,-8.6438,41.1606
20,-8.6438,41.1606,-8.6438,41.1606
21,-8.6438,41.1606,-8.6438,41.1606
22,-8.6438,41.1606,-8.6438,41.1606
23,-8.6438,41.1605,-8.6438,41.1605
24,-8.6438,41.1606,-8.6438,41.1606
25,-8.6438,41.1606,-8.6438,41.1606
26,-8.6438,41.1607,-8.6438,41.1607
27,-8.6438,41.1606,-8.6438,41.1606
28,-8.6438,41.1605,-8.6438,41.1605
29,-8.6438,41.1603,-8.6438,41.1603
30,-8.6438,41.1603,-8.6438,41.1603
31,-8.6439,41.1614,-8.6439,41.1614
32,-8.6441,41.1621,-8.6441,41.1621
33,-8.6459,41.1626,-8.6459,41.1626
34,-8.6463,41.1618,-8.6463,41.1618
35,-8.6466,41.1610,-8.6466,41.1610
36,-8.6466,41.1610,-8.6466,41.1610
37,-8.6466,41.1611,-8.6466,41.1611
38,-8.6466,41.1611,-8.6466,41.1611
39,-8.6467,41.1609,-8.6467,41.1609
40,-8.6489,41.1613,-8.6489,41.1613
41,-8.6498,41.1614,-8.6498,41.1614
42,-8.6505,41.1616,-8.6505,41.1616
43,-8.6517,41.1617,-8.6517,41.1617
44,-8.6526,41.1619,-8.6526,41.1619
45,-8.6527,41.1619,-8.6527,41.1619
46,-8.6534,41.1620,-8.6534,41.1620
47,-8.6544,41.1622,-8.6544,41.1622
48,-8.6544,41.1622,-8.6544,41.1622
49,-8.6545,41.1622,-8.6545,41.1622
50,-8.6557,41.1623,-8.6557,41.1623
51,-8.6577,41.1613,-8.6577,41.1613
52,-8.6600,41.1603,-8.6600,41.1603
53,-8.6622,41.1594,-8.6622,41.1594
54,-8.6624,41.1591,-8.6624,41.1591
55,-8.6615,41.1577,-8.6615,41.1577
56,-8.6607,41.1581,-8.6607,41.1581
57,-8.6601,41.1594,-8.6601,41.1594
58,-8.6599,41.1598,-8.6599,41.1598
59,-8.6599,41.1599,-8.6599,41.1599
60,-8.6599,41.1599,-8.6599,41.1599
61,-8.6599,41.1599,-8.6599,41.1599
62,-8.6599,41.1599,-8.6599,41.1599
63,-8.6599,41.1599,-8.6599,41.1599
64,-8.6599,41.1599,-8.6599,41.1599
65,-8.6599,41.1599,-8.6599,41.1599
66,-8.6599,41.1599,-8.6599,41.1599
67,-8.6599,41.1599,-8.6599,41.1599
68,-8.6599,41.1599,-8.6599,41.1599
69,-8.6599,41.1599,-8.6599,41.1599
70,-8.6596,41.1602,-8.6596,41.1602
71,-8.6576,41.1611,-8.6576,41.1611
72,-8.6565,41.1616,-8.6565,41.1616
73,-8.6564,41.1615,-8.6564,41.1615
74,-8.6564,41.1614,-8.6564,41.1614
75,-8.6564,41.1613,-8.6564,41.1613
76,-8.6564,41.1613,-8.6564,41.1613
77,-8.6563,41.1614,-8.6563,41.1614
78,-8.6563,41.1614,-8.6563,41.1614
79,-8.6564,41.1615,-8.6564,41.1615
80,-8.6563,41.1615,-8.6563,41.1615
81,-8.6563,41.1615,-8.6563,41.1615
82,-8.6563,41.1615,-8.6563,41.1615
83,-8.6563,41.1615,-8.6563,41.1615
84,-8.6563,41.1615,-8.6563,41.1615
85,-8.6564,41.1616,-8.6564,41.1616
86,-8.6564,41.1616,-8.6564,41.1616
87,-8.6564,41.1615,-8.6564,41.1615
88,-8.6564,41.1615,-8.6564,41.1615
89,-8.6564,41.1616,-8.6564,41.1616
90,-8.6563,41.1615,-8.6563,41.1615
91,-8.6563,41.1615,-8.6563,41.1615
92,-8.6563,41.1614,-8.6563,41.1614
93,-8.6563,41.1614,-8.6563,41.1614
94,-8.6563,41.1614,-8.6563,41.1614
95,-8.6563,41.1614,-8.6563,41.1614
96,-8.6563,41.1615,-8.6563,41.1615
97,-8.6562,41.1615,-8.6562,41.1615
98,-8.6563,41.1615,-8.6563,41.1615
99,-8.6563,41.1615,-8.6563,41.1615
100,-8.6562,41.1615,-8.6562,41.1615
101,-8.6563,41.1615,-8.6563,41.1615
102,-8.6562,41.1615,-8.6562,41.1615
103,-8.6562,41.1614,-8.6562,41.1614
104,-8.6562,41.1615,-8.6562,41.1615
105,-8.6563,41.1615,-8.6563,41.1615
106,-8.6563,41.1616,-8.6563,41.1616
107,-8.6563,41.1617,-8.6563,41.1617
108,-8.6562,41.1617,-8.6562,41.1617
109,-8.6563,41.1616,-8.6563,41.1616
110,-8.6563,41.1616,-8.6563,41.1616
111,-8.6562,41.1616,-8.6562,41.1616
112,-8.6562,41.1615,-8.6562,41.1615
113,-8.6562,41.1615,-8.6562,41.1615
114,-8.6563,41.1615,-8.6563,41.1615
115,-8.6563,41.1615,-8.6563,41.1615
116,-8.6562,41.1616,-8.6562,41.1616
117,-8.6562,41.1616,-8.6562,41.1616
118,-8.6561,41.1616,-8.6561,41.1616
119,-8.6561,41.1616,-8.6561,41.1616
120,-8.6561,41.1615,-8.6561,41.1615
121,-8.6561,41.1615,-8.6561,41.1615
122,-8.6561,41.1615,-8.6561,41.1615
123,-8.6562,41.1615,-8.6562,41.1615
124,-8.6562,41.1615,-8.6562,41.1615
125,-8.6562,41.1615,-8.6562,41.1615
126,-8.6562,41.1615,-8.6562,41.1615
127,-8.6562,41.1615,-8.6562,41.1615
128,-8.6562,41.1615,-8.6562,41.1615
129,-8.6562,41.1615,-8.6562,41.1615
130,-8.6562,41.1615,-8.6562,41.1615
131,-8.6562,41.1615,-8.6562,41.1615
132,-8.6563,41.1615,-8.6563,41.1615
133,-8.6562,41.1615,-8.6562,41.1615
134,-8.6562,41.1614,-8.6562,41.1614
135,-8.6562,41.1614,-8.6562,41.1614
136,-8.6562,41.1614,-8.6562,41.1614
137,-8.6563,41.1614,-8.6563,41.1614
138,-8.6562,41.1614,-8.6562,41.1614
139,-8.6561,41.1614,-8.6561,41.1614
140,-8.6561,41.1615,-8.6561,41.1615
141,-8.6562,41.1615,-8.6562,41.1615
142,-8.6562,41.1615,-8.6562,41.1615
143,-8.6562,41.1615,-8.6562,41.1615
144,-8.6561,41.1615,-8.6561,41.1615
145,-8.6561,41.1615,-8.6561,41.1615
146,-8.6561,41.1615,-8.6561,41.1615
147,-8.6561,41.1615,-8.6561,41.1615
148,-8.6562,41.1615,-8.6562,41.1615
149,-8.6561,41.1615,-8.6561,41.1615
150,-8.6561,41.1614,-8.6561,41.1614
151,-8.6561,41.1614,-8.6561,41.1614
152,-8.6561,41.1614,-8.6561,41.1614
153,-8.6562,41.1614,-8.6562,41.1614
154,-8.6562,41.1615,-8.6562,41.1615
155,-8.6563,41.1615,-8.6563,41.1615
156,-8.6562,41.1615,-8.6562,41.1615
157,-8.6562,41.1615,-8.6562,41.1615
158,-8.6562,41.1614,-8.6562,41.1614
159,-8.6562,41.1615,-8.6562,41.1615
160,-8.6562,41.1614,-8.6562,41.1614
161,-8.6562,41.1614,-8.6562,41.1614
162,-8.6562,41.1615,-8.6562,41.1615
163,-8.6561,41.1614,-8.6561,41.1614
164,-8.6562,41.1614,-8.6562,41.1614
165,-8.6562,41.1614,-8.6562,41.1614
166,-8.6562,41.1615,-8.6562,41.1615
167,-8.6562,41.1615,-8.6562,41.1615
168,-8.6561,41.1616,-8.6561,41.1616
169,-8.6561,41.1615,-8.6561,41.1615
170,-8.6561,41.1615,-8.6561,41.1615
171,-8.6562,41.1615,-8.6562,41.1615
172,-8.6562,41.1615,-8.6562,41.1615
173,-8.6562,41.1615,-8.6562,41.1615
174,-8.6561,41.1616,-8.6561,41.1616
175,-8.6562,41.1616,-8.6562,41.1616
176,-8.6562,41.1616,-8.6562,41.1616
177,-8.6562,41.1615,-8.6562,41.1615
178,-8.6561,41.1616,-8.6561,41.1616
179,-8.6563,41.1618,-8.6563,41.1618
180,-8.6577,41.1612,-8.6577,41.1612
181,-8.6599,41.1603,-8.6599,41.1603
182,-8.6621,41.1594,-8.6621,41.1594
183,-8.6623,41.1589,-8.6623,41.1589
184,-8.6614,41.1577,-8.6614,41.1577
185,-8.6606,41.1581,-8.6606,41.1581
186,-8.6603,41.1592,-8.6603,41.1592
187,-8.6599,41.1599,-8.6599,41.1599
188,-8.6599,41.1599,-8.6599,41.1599
189,-8.6599,41.1599,-8.6599,41.1599
190,-8.6599,41.1600,-8.6599,41.1600
191,-8.6599,41.1600,-8.6599,41.1600
192,-8.6599,41.1599,-8.6599,41.1599
193,-8.6599,41.1600,-8.6599,41.1600
194,-8.6599,41.1600,-8.6599,41.1600
195,-8.6599,41.1600,-8.6599,41.1600
196,-8.6599,41.1600,-8.6599,41.1600
197,-8.6599,41.1600,-8.6599,41.1600
198,-8.6599,41.1600,-8.6599,41.1600
199,-8.6599,41.1600,-8.6599,41.1600
200,-8.6599,41.1600,-8.6599,41.1600
201,-8.6599,41.1600,-8.6599,41.1600
202,-8.6599,41.1600,-8.6599,41.1600
203,-8.6599,41.1600,-8.6599,41.1600
204,-8.6599,41.1600,-8.6599,41.1600
205,-8.6599,41.1599,-8.6599,41.1599
206,-8.6599,41.1599,-8.6599,41.1599
207,-8.6599,41.1599,-8.6599,41.1599
208,-8.6599,41.1599,-8.6599,41.1599
209,-8.6599,41.1599,-8.6599,41.1599
210,-8.6599,41.1599,-8.6599,41.1599
211,-8.6599,41.1599,-8.6599,41.1599
212,-8.6599,41.1599,-8.6599,41.1599
213,-8.6599,41.1599,-8.6599,41.1599
214,-8.6599,41.1599,-8.6599,41.1599
215,-8.6599,41.1599,-8.6599,41.1599
216,-8.6599,41.1599,-8.6599,41.1599
217,-8.6599,41.1599,-8.6599,41.1599
218,-8.6599,41.1599,-8.6599,41.1599
219,-8.6599,41.1599,-8.6599,41.1599
220,-8.6599,41.1599,-8.6599,41.1599
221,-8.6599,41.1599,-8.6599,41.1599
222,-8.6599,41.1600,-8.6599,41.1600
223,-8.6599,41.1599,-8.6599,41.1599
224,-8.6599,41.1599,-8.6599,41.1599
225,-8.6599,41.1599,-8.6599,41.1599
226,-8.6599,41.1599,-8.6599,41.1599
227,-8.6599,41.1599,-8.6599,41.1599
228,-8.6599,41.1599,-8.6599,41.1599
229,-8.6599,41.1599,-8.6599,41.1599
230,-8.6599,41.1599,-8.6599,41.1599
231,-8.6599,41.1599,-8.6599,41.1599
232,-8.6599,41.1600,-8.6599,41.1600
233,-8.6599,41.1600,-8.6599,41.1600
234,-8.6599,41.1600,-8.6599,41.1600
235,-8.6599,41.1599,-8.6599,41.1599
236,-8.6599,41.1599,-8.6599,41.1599
237,-8.6599,41.1599,-8.6599,41.1599
238,-8.6599,41.1599,-8.6599,41.1599
239,-8.6599,41.1599,-8.6599,41.1599
240,-8.6599,41.1599,-8.6599,41.1599
241,-8.6599,41.1599,-8.6599,41.1599
242,-8.6599,41.1599,-8.6599,41.1599
243,-8.6599,41.1599,-8.6599,41.1599
244,-8.6599,41.1599,-8.6599,41.1599
245,-8.6599,41.1599,-8.6599,41.1599
246,-8.6599,41.1599,-8.6599,41.1599
247,-8.6599,41.1599,-8.6599,41.1599
248,-8.6599,41.1600,-8.6599,41.1600
249,-8.6599,41.1600,-8.6599,41.1600
250,-8.6599,41.1600,-8.6599,41.1600
251,-8.6599,41.1600,-8.6599,41.1600
252,-8.6599,41.1600,-8.6599,41.1600
253,-8.6599,41.1600,-8.6599,41.1600
254,-8.6599,41.1600,-8.6599,41.1600
255,-8.6599,41.1600,-8.6599,41.1600
256,-8.6599,41.1599,-8.6599,41.1599
257,-8.6599,41.1599,-8.6599,41.1599
258,-8.6599,41.1599,-8.6599,41.1599
259,-8.6599,41.1599,-8.6599,41.1599
260,-8.6599,41.1599,-8.6599,41.1599
261,-8.6599,41.1599,-8.6599,41.1599
262,-8.6599,41.1599,-8.6599,41.1599
263,-8.6600,41.1599,-8.6600,41.1599
264,-8.6599,41.1599,-8.6599,41.1599
265,-8.6599,41.1599,-8.6599,41.1599
266,-8.6599,41.1599,-8.6599,41.1599
267,-8.6599,41.1599,-8.6599,41.1599
268,-8.6599,41.1599,-8.6599,41.1599
269,-8.6600,41.1599,-8.6600,41.1599
270,-8.6599,41.1599,-8.6599,41.1599
271,-8.6599,41.1599,-8.6599,41.1599
272,-8.6599,41.1599,-8.6599,41.1599
273,-8.6599,41.1599,-8.6599,41.1599
274,-8.6599,41.1599,-8.6599,41.1599
275,-8.6599,41.1599,-8.6599,41.1599
276,-8.6599,41.1599,-8.6599,41.1599
277,-8.6599,41.1599,-8.6599,41.1599
278,-8.6599,41.1599,-8.6599,41.1599
279,-8.6599,41.1599,-8.6599,41.1599
280,-8.6599,41.1599,-8.6599,41.1599
281,-8.6599,41.1599,-8.6599,41.1599
282,-8.6599,41.1599,-8.6599,41.1599
283,-8.6599,41.1599,-8.6599,41.1599
284,-8.6599,41.1599,-8.6599,41.1599
285,-8.6599,41.1599,-8.6599,41.1599
286,-8.6599,41.1599,-8.6599,41.1599
287,-8.6599,41.1599,-8.6599,41.1599
288,-8.6599,41.1599,-8.6599,41.1599
289,-8.6599,41.1599,-8.6599,41.1599
290,-8.6599,41.1599,-8.6599,41.1599
291,-8.6599,41.1599,-8.6599,41.1599
292,-8.6599,41.1599,-8.6599,41.1599
293,-8.6599,41.1599,-8.6599,41.1599
294,-8.6599,41.1599,-8.6599,41.1599
295,-8.6599,41.1599,-8.6599,41.1599
296,-8.6599,41.1599,-8.6599,41.1599
297,-8.6599,41.1599,-8.6599,41.1599
298,-8.6599,41.1599,-8.6599,41.1599
299,-8.6599,41.1599,-8.6599,41.1599
300,-8.6599,41.1599,-8.6599,41.1599
301,-8.6599,41.1599,-8.6599,41.1599
302,-8.6599,41.1599,-8.6599,41.1599
303,-8.6599,41.1599,-8.6599,41.1599
304,-8.6599,41.1600,-8.6599,41.1600
305,-8.6598,41.1601,-8.6598,41.1601
306,-8.6593,41.1604,-8.6593,41.1604
307,-8.6583,41.1607,-8.6583,41.1607
308,-8.6573,41.1613,-8.6573,41.1613
309,-8.6559,41.1620,-8.6559,41.1620
310,-8.6542,41.1620,-8.6542,41.1620
311,-8.6519,41.1617,-8.6519,41.1617
312,-8.6514,41.1616,-8.6514,41.1616
313,-8.6508,41.1615,-8.6508,41.1615
314,-8.6489,41.1611,-8.6489,41.1611
315,-8.6476,41.1607,-8.6476,41.1607
316,-8.6473,41.1596,-8.6473,41.1596
317,-8.6487,41.1603,-8.6487,41.1603
318,-8.6491,41.1625,-8.6491,41.1625
319,-8.6462,41.1650,-8.6462,41.1650
320,-8.6416,41.1675,-8.6416,41.1675
321,-8.6374,41.1705,-8.6374,41.1705
322,-8.6324,41.1719,-8.6324,41.1719
323,-8.6276,41.1729,-8.6276,41.1729
324,-8.6236,41.1733,-8.6236,41.1733
325,-8.6189,41.1737,-8.6189,41.1737
326,-8.6145,41.1743,-8.6145,41.1743
327,-8.6103,41.1742,-8.6103,41.1742
328,-8.6063,41.1721,-8.6063,41.1721
329,-8.6019,41.1712,-8.6019,41.1712
330,-8.5981,41.1714,-8.5981,41.1714
331,-8.5961,41.1710,-8.5961,41.1710
332,-8.5947,41.1732,-8.5947,41.1732
333,-8.5933,41.1772,-8.5933,41.1772
334,-8.5930,41.1820,-8.5930,41.1820
335,-8.5946,41.1871,-8.5946,41.1871
336,-8.5929,41.1915,-8.5929,41.1915
337,-8.5897,41.1957,-8.5897,41.1957
338,-8.5862,41.2003,-8.5862,41.2003
339,-8.5832,41.2049,-8.5832,41.2049
340,-8.5807,41.2098,-8.5807,41.2098
341,-8.5767,41.2141,-8.5767,41.2141
342,-8.5750,41.2191,-8.5750,41.2191
343,-8.5727,41.2239,-8.5727,41.2239
344,-8.5706,41.2289,-8.5706,41.2289
345,-8.5664,41.2334,-8.5664,41.2334
346,-8.5643,41.2384,-8.5643,41.2384
347,-8.5647,41.2433,-8.5647,41.2433
348,-8.5671,41.2478,-8.5671,41.2478
349,-8.5684,41.2526,-8.5684,41.2526
350,-8.5672,41.2578,-8.5672,41.2578
351,-8.5644,41.2626,-8.5644,41.2626
352,-8.5617,41.2674,-8.5617,41.2674
353,-8.5597,41.2725,-8.5597,41.2725
354,-8.5609,41.2775,-8.5609,41.2775
355,-8.5603,41.2826,-8.5603,41.2826
356,-8.5561,41.2869,-8.5561,41.2869
357,-8.5501,41.2898,-8.5501,41.2898
358,-8.5441,41.2928,-8.5441,41.2928
359,-8.5394,41.2963,-8.5394,41.2963
360,-8.5379,41.3012,-8.5379,41.3012
361,-8.5333,41.3045,-8.5333,41.3045
362,-8.5278,41.3072,-8.5278,41.3072
363,-8.5249,41.3117,-8.5249,41.3117
364,-8.5192,41.3142,-8.5192,41.3142
365,-8.5159,41.3185,-8.5159,41.3185
366,-8.5175,41.3235,-8.5175,41.3235
367,-8.5169,41.3284,-8.5169,41.3284
368,-8.5127,41.3323,-8.5127,41.3323
369,-8.5087,41.3363,-8.5087,41.3363
370,-8.5069,41.3412,-8.5069,41.3412
371,-8.5055,41.3461,-8.5055,41.3461
372,-8.5071,41.3509,-8.5071,41.3509
373,-8.5056,41.3551,-8.5056,41.3551
374,-8.5013,41.3587,-8.5013,41.3587
375,-8.5001,41.3640,-8.5001,41.3640
376,-8.5029,41.3694,-8.5029,41.3694
377,-8.5024,41.3744,-8.5024,41.3744
378,-8.5011,41.3794,-8.5011,41.3794
379,-8.4985,41.3841,-8.4985,41.3841
380,-8.4952,41.3883,-8.4952,41.3883
381,-8.4956,41.3933,-8.4956,41.3933
382,-8.4961,41.3983,-8.4961,41.3983
383,-8.4936,41.4029,-8.4936,41.4029
384,-8.4941,41.4078,-8.4941,41.4078
385,-8.4955,41.4125,-8.4955,41.4125
386,-8.4937,41.4173,-8.4937,41.4173
387,-8.4940,41.4223,-8.4940,41.4223
388,-8.4966,41.4270,-8.4966,41.4270
389,-8.4976,41.4319,-8.4976,41.4319
390,-8.4957,41.4366,-8.4957,41.4366
391,-8.4933,41.4413,-8.4933,41.4413
392,-8.4928,41.4461,-8.4928,41.4461
393,-8.4902,41.4500,-8.4902,41.4500
394,-8.4877,41.4544,-8.4877,41.4544
395,-8.4824,41.4570,-8.4824,41.4570
396,-8.4780,41.4607,-8.4780,41.4607
397,-8.4729,41.4638,-8.4729,41.4638
398,-8.4697,41.4680,-8.4697,41.4680
399,-8.4659,41.4719,-8.4659,41.4719
400,-8.4614,41.4753,-8.4614,41.4753
401,-8.4588,41.4792,-8.4588,41.4792
402,-8.4620,41.4827,-8.4620,41.4827
403,-8.4661,41.4856,-8.4661,41.4856
404,-8.4655,41.4898,-8.4655,41.4898
405,-8.4654,41.4943,-8.4654,41.4943
406,-8.4696,41.4977,-8.4696,41.4977
407,-8.4720,41.5020,-8.4720,41.5020
408,-8.4719,41.5055,-8.4719,41.5055
409,-8.4694,41.5063,-8.4694,41.5063
410,-8.4666,41.5077,-8.4666,41.5077
411,-8.4631,41.5079,-8.4631,41.5079
412,-8.4592,41.5077,-8.4592,41.5077
413,-8.4544,41.5075,-8.4544,41.5075
414,-8.4500,41.5080,-8.4500,41.5080
415,-8.4462,41.5074,-8.4462,41.5074
416,-8.4446,41.5100,-8.4446,41.5100
417,-8.4446,41.5135,-8.4446,41.5135
418,-8.4445,41.5173,-8.4445,41.5173
419,-8.4460,41.5215,-8.4460,41.5215
420,-8.4454,41.5252,-8.4454,41.5252
421,-8.4434,41.5288,-8.4434,41.5288
422,-8.4440,41.5325,-8.4440,41.5325
423,-8.4459,41.5361,-8.4459,41.5361
424,-8.4429,41.5393,-8.4429,41.5393
425,-8.4401,41.5428,-8.4401,41.5428
426,-8.4372,41.5461,-8.4372,41.5461
427,-8.4347,41.5494,-8.4347,41.5494
428,-8.4312,41.5524,-8.4312,41.5524
429,-8.4300,41.5524,-8.4300,41.5524
430,-8.4297,41.5525,-8.4297,41.5525
431,-8.4301,41.5533,-8.4301,41.5533
432,-8.4306,41.5547,-8.4306,41.5547
433,-8.4307,41.5558,-8.4307,41.5558
434,-8.4320,41.5559,-8.4320,41.5559
435,-8.4338,41.5557,-8.4338,41.5557
436,-8.4356,41.5562,-8.4356,41.5562
437,-8.4380,41.5563,-8.4380,41.5563
438,-8.4404,41.5567,-8.4404,41.5567
439,-8.4419,41.5576,-8.4419,41.5576
440,-8.4437,41.5587,-8.4437,41.5587
441,-8.4458,41.5600,-8.4458,41.5600
442,-8.4465,41.5600,-8.4465,41.5600
443,-8.4483,41.5594,-8.4483,41.5594
444,-8.4506,41.5592,-8.4506,41.5592
445,-8.4524,41.5594,-8.4524,41.5594
446,-8.4544,41.5601,-8.4544,41.5601
447,-8.4569,41.5602,-8.4569,41.5602
448,-8.4587,41.5602,-8.4587,41.5602
449,-8.4601,41.5612,-8.4601,41.5612
450,-8.4607,41.5611,-8.4607,41.5611
451,-8.4610,41.5608,-8.4610,41.5608
452,-8.4614,41.5610,-8.4614,41.5610
453,-8.4618,41.5611,-8.4618,41.5611
454,-8.4619,41.5611,-8.4619,41.5611
455,-8.4619,41.5611,-8.4619,41.5611
456,-8.4618,41.5611,-8.4618,41.5611
457,-8.4618,41.5611,-8.4618,41.5611
458,-8.4618,41.5611,-8.4618,41.5611
459,-8.4618,41.5611,-8.4618,41.5611
460,-8.4618,41.5611,-8.4618,41.5611
461,-8.4618,41.5611,-8.4618,41.5611
462,-8.4618,41.5611,-8.4618,41.5611
463,-8.4618,41.5611,-8.4618,41.5611
464,-8.4618,41.5611,-8.4618,41.5611
465,-8.4618,41.5611,-8.4618,41.5611
466,-8.4618,41.5611,-8.4618,41.5611
467,-8.4618,41.5611,-8.4618,41.5611
468,-8.4618,41.5611,-8.4618,41.5611
469,-8.4618,41.5611,-8.4618,41.5611
470,-8.4618,41.5611,-8.4618,41.5611
471,-8.4618,41.5611,-8.4618,41.5611
472,-8.4618,41.5611,-8.4618,41.5611
473,-8.4618,41.5611,-8.4618,41.5611
474,-8.4618,41.5611,-8.4618,41.5611
475,-8.4618,41.5611,-8.4618,41.5611
476,-8.4618,41.5611,-8.4618,41.5611
477,-8.4618,41.5611,-8.4618,41.5611
478,-8.4618,41.5611,-8.4618,41.5611
479,-8.4618,41.5611,-8.4618,41.5611
480,-8.4618,41.5611,-8.4618,41.5611
481,-8.4618,41.5611,-8.4618,41.5611
482,-8.4618,41.5611,-8.4618,41.5611
483,-8.4618,41.5611,-8.4618,41.5611
484,-8.4618,41.5611,-8.4618,41.5611
485,-8.4618,41.5611,-8.4618,41.5611
486,-8.4618,41.5611,-8.4618,41.5611
487,-8.4618,41.5611,-8.4618,41.5611
488,-8.4618,41.5611,-8.4618,41.5611
489,-8.4618,41.5611,-8.4618,41.5611
490,-8.4618,41.5611,-8.4618,41.5611
491,-8.4618,41.5611,-8.4618,41.5611
492,-8.4618,41.5611,-8.4618,41.5611
493,-8.4618,41.5611,-8.4618,41.5611
494,-8.4618,41.5611,-8.4618,41.5611
495,-8.4618,41.5611,-8.4618,41.5611
496,-8.4618,41.5611,-8.4618,41.5611
497,-8.4618,41.5611,-8.4618,41.5611
498,-8.4618,41.5611,-8.4618,41.5611
499,-8.4618,41.5611,-8.4618,41.5611
500,-8.4618,41.5611,-8.4618,41.5611
501,-8.4618,41.5611,-8.4618,41.5611
502,-8.4618,41.5611,-8.4618,41.5611
503,-8.4618,41.5611,-8.4618,41.5611
504,-8.4618,41.5611,-8.4618,41.5611
505,-8.4618,41.5611,-8.4618,41.5611
506,-8.4618,41.5611,-8.4618,41.5611
507,-8.4618,41.5611,-8.4618,41.5611
508,-8.4618,41.5611,-8.4618,41.5611
509,-8.4618,41.5611,-8.4618,41.5611
510,-8.4618,41.5611,-8.4618,41.5611
511,-8.4618,41.5611,-8.4618,41.5611
512,-8.4618,41.5611,-8.4618,41.5611
513,-8.4618,41.5611,-8.4618,41.5611
514,-8.4618,41.5611,-8.4618,41.5611
515,-8.4618,41.5611,-8.4618,41.5611
516,-8.4618,41.5611,-8.4618,41.5611
517,-8.4618,41.5611,-8.4618,41.5611
518,-8.4618,41.5611,-8.4618,41.5611
519,-8.4618,41.5611,-8.4618,41.5611
520,-8.4618,41.5611,-8.4618,41.5611
521,-8.4618,41.5611,-8.4618,41.5611
522,-8.4618,41.5611,-8.4618,41.5611
523,-8.4618,41.5611,-8.4618,41.5611
524,-8.4618,41.5611,-8.4618,41.5611
525,-8.4618,41.5611,-8.4618,41.5611
526,-8.4618,41.5611,-8.4618,41.5611
527,-8.4618,41.5611,-8.4618,41.5611
528,-8.4618,41.5611,-8.4618,41.5611
529,-8.4618,41.5611,-8.4618,41.5611
530,-8.4618,41.5611,-8.4618,41.5611
531,-8.4618,41.5611,-8.4618,41.5611
532,-8.4618,41.5611,-8.4618,41.5611
533,-8.4618,41.5611,-8.4618,41.5611
534,-8.4618,41.5611,-8.4618,41.5611
535,-8.4618,41.5611,-8.4618,41.5611
536,-8.4618,41.5611,-8.4618,41.5611
537,-8.4618,41.5611,-8.4618,41.5611
538,-8.4618,41.5611,-8.4618,41.5611
539,-8.4618,41.5611,-8.4618,41.5611
540,-8.4618,41.5611,-8.4618,41.5611
541,-8.4618,41.5611,-8.4618,41.5611
542,-8.4618,41.5611,-8.4618,41.5611
543,-8.4618,41.5611,-8.4618,41.5611
544,-8.4618,41.5611,-8.4618,41.5611
545,-8.4618,41.5611,-8.4618,41.5611
546,-8.4618,41.5611,-8.4618,41.5611
547,-8.4618,41.5611,-8.4618,41.5611
548,-8.4618,41.5611,-8.4618,41.5611
549,-8.4618,41.5611,-8.4618,41.5611
550,-8.4618,41.5611,-8.4618,41.5611
551,-8.4618,41.5611,-8.4618,41.5611
552,-8.4618,41.5611,-8.4618,41.5611
553,-8.4618,41.5611,-8.4618,41.5611
554,-8.4618,41.5611,-8.4618,41.5611
555,-8.4618,41.5611,-8.4618,41.5611
556,-8.4618,41.5611,-8.4618,41.5611
557,-8.4618,41.5611,-8.4618,41.5611
558,-8.4618,41.5611,-8.4618,41.5611
559,-8.4618,41.5611,-8.4618,41.5611
560,-8.4618,41.5611,-8.4618,41.5611
561,-8.4618,41.5611,-8.4618,41.5611
562,-8.4618,41.5611,-8.4618,41.5611
563,-8.4618,41.5611,-8.4618,41.5611
564,-8.4618,41.5611,-8.4618,41.5611
565,-8.4618,41.5611,-8.4618,41.5611
566,-8.4618,41.5611,-8.4618,41.5611
567,-8.4618,41.5611,-8.4618,41.5611
568,-8.4618,41.5611,-8.4618,41.5611
569,-8.4618,41.5611,-8.4618,41.5611
570,-8.4618,41.5611,-8.4618,41.5611
571,-8.4618,41.5611,-8.4618,41.5611
572,-8.4618,41.5611,-8.4618,41.5611
573,-8.4618,41.5611,-8.4618,41.5611
574,-8.4618,41.5611,-8.4618,41.5611
575,-8.4618,41.5611,-8.4618,41.5611
576,-8.4618,41.5611,-8.4618,41.5611
577,-8.4618,41.5611,-8.4618,41.5611
578,-8.4618,41.5611,-8.4618,41.5611
579,-8.4618,41.5611,-8.4618,41.5611
580,-8.4618,41.5611,-8.4618,41.5611
581,-8.4618,41.5611,-8.4618,41.5611
582,-8.4618,41.5611,-8.4618,41.5611
583,-8.4618,41.5611,-8.4618,41.5611
584,-8.4618,41.5611,-8.4618,41.5611
585,-8.4618,41.5611,-8.4618,41.5611
586,-8.4618,41.5611,-8.4618,41.5611
587,-8.4618,41.5611,-8.4618,41.5611
588,-8.4618,41.5611,-8.4618,41.5611
589,-8.4618,41.5611,-8.4618,41.5611
590,-8.4618,41.5611,-8.4618,41.5611
591,-8.4618,41.5611,-8.4618,41.5611
592,-8.4618,41.5611,-8.4618,41.5611
593,-8.4618,41.5611,-8.4618,41.5611
594,-8.4618,41.5611,-8.4618,41.5611
595,-8.4618,41.5611,-8.4618,41.5611
596,-8.4618,41.5611,-8.4618,41.5611
597,-8.4618,41.5611,-8.4618,41.5611
598,-8.4618,41.5611,-8.4618,41.5611
599,-8.4618,41.5611,-8.4618,41.5611
600,-8.4618,41.5611,-8.4618,41.5611
601,-8.4618,41.5611,-8.4618,41.5611
602,-8.4618,41.5611,-8.4618,41.5611
603,-8.4618,41.5611,-8.4618,41.5611
604,-8.4618,41.5611,-8.4618,41.5611
605,-8.4617,41.5611,-8.4617,41.5611
606,-8.4618,41.5611,-8.4618,41.5611
607,-8.4618,41.5611,-8.4618,41.5611
608,-8.4618,41.5611,-8.4618,41.5611
609,-8.4618,41.5611,-8.4618,41.5611
610,-8.4618,41.5611,-8.4618,41.5611
611,-8.4618,41.5611,-8.4618,41.5611
612,-8.4618,41.5611,-8.4618,41.5611
613,-8.4618,41.5611,-8.4618,41.5611
614,-8.4618,41.5611,-8.4618,41.5611
615,-8.4618,41.5611,-8.4618,41.5611
616,-8.4618,41.5611,-8.4618,41.5611
617,-8.4618,41.5611,-8.4618,41.5611
618,-8.4618,41.5611,-8.4618,41.5611
619,-8.4618,41.5611,-8.4618,41.5611
620,-8.4618,41.5611,-8.4618,41.5611
621,-8.4618,41.5611,-8.4618,41.5611
622,-8.4618,41.5611,-8.4618,41.5611
623,-8.4618,41.5611,-8.4618,41.5611
624,-8.4618,41.5611,-8.4618,41.5611
625,-8.4618,41.5611,-8.4618,41.5611
626,-8.4618,41.5611,-8.4618,41.5611
627,-8.4618,41.5611,-8.4618,41.5611
628,-8.4618,41.5611,-8.4618,41.5611
629,-8.4618,41.5611,-8.4618,41.5611
630,-8.4618,41.5611,-8.4618,41.5611
631,-8.4618,41.5611,-8.4618,41.5611
632,-8.4618,41.5611,-8.4618,41.5611
633,-8.4618,41.5611,-8.4618,41.5611
634,-8.4618,41.5611,-8.4618,41.5611
635,-8.4618,41.5611,-8.4618,41.5611
636,-8.4618,41.5611,-8.4618,41.5611
637,-8.4618,41.5611,-8.4618,41.5611
638,-8.4618,41.5611,-8.4618,41.5611
639,-8.4618,41.5611,-8.4618,41.5611
640,-8.4618,41.5611,-8.4618,41.5611
641,-8.4618,41.5611,-8.4618,41.5611
642,-8.4618,41.5611,-8.4618,41.5611
643,-8.4618,41.5611,-8.4618,41.5611
644,-8.4618,41.5611,-8.4618,41.5611
645,-8.4618,41.5611,-8.4618,41.5611
646,-8.4618,41.5611,-8.4618,41.5611
647,-8.4618,41.5611,-8.4618,41.5611
648,-8.4618,41.5611,-8.4618,41.5611
649,-8.4618,41.5611,-8.4618,41.5611
650,-8.4618,41.5611,-8.4618,41.5611
651,-8.4618,41.5611,-8.4618,41.5611
652,-8.4618,41.5611,-8.4618,41.5611
653,-8.4618,41.5611,-8.4618,41.5611
654,-8.4618,41.5611,-8.4618,41.5611
655,-8.4618,41.5611,-8.4618,41.5611
656,-8.4618,41.5611,-8.4618,41.5611
657,-8.4618,41.5611,-8.4618,41.5611
658,-8.4618,41.5611,-8.4618,41.5611
659,-8.4618,41.5611,-8.4618,41.5611
660,-8.4618,41.5611,-8.4618,41.5611
661,-8.4618,41.5611,-8.4618,41.5611
662,-8.4618,41.5611,-8.4618,41.5611
663,-8.4618,41.5611,-8.4618,41.5611
664,-8.4618,41.5611,-8.4618,41.5611
665,-8.4618,41.5611,-8.4618,41.5611
666,-8.4618,41.5611,-8.4618,41.5611
667,-8.4618,41.5611,-8.4618,41.5611
668,-8.4618,41.5611,-8.4618,41.5611
669,-8.4618,41.5611,-8.4618,41.5611
670,-8.4618,41.5611,-8.4618,41.5611
671,-8.4618,41.5611,-8.4618,41.5611
672,-8.4618,41.5611,-8.4618,41.5611
673,-8.4618,41.5611,-8.4618,41.5611
674,-8.4618,41.5611,-8.4618,41.5611
675,-8.4618,41.5611,-8.4618,41.5611
676,-8.4618,41.5611,-8.4618,41.5611
677,-8.4618,41.5611,-8.4618,41.5611
678,-8.4618,41.5611,-8.4618,41.5611
679,-8.4618,41.5611,-8.4618,41.5611
680,-8.4618,41.5611,-8.4618,41.5611
681,-8.4618,41.5611,-8.4618,41.5611
682,-8.4618,41.5611,-8.4618,41.5611
683,-8.4615,41.5610,-8.4615,41.5610
684,-8.4610,41.5608,-8.4610,41.5608
685,-8.4604,41.5611,-8.4604,41.5611
686,-8.4601,41.5609,-8.4601,41.5609
687,-8.4585,41.5600,-8.4585,41.5600
688,-8.4568,41.5601,-8.4568,41.5601
689,-8.4554,41.5605,-8.4554,41.5605
690,-8.4554,41.5607,-8.4554,41.5607
691,-8.4554,41.5606,-8.4554,41.5606
692,-8.4554,41.5606,-8.4554,41.5606
693,-8.4554,41.5606,-8.4554,41.5606
694,-8.4554,41.5607,-8.4554,41.5607
695,-8.4554,41.5607,-8.4554,41.5607
696,-8.4554,41.5607,-8.4554,41.5607
697,-8.4554,41.5607,-8.4554,41.5607
698,-8.4554,41.5607,-8.4554,41.5607
699,-8.4554,41.5607,-8.4554,41.5607
700,-8.4554,41.5607,-8.4554,41.5607
701,-8.4554,41.5606,-8.4554,41.5606
702,-8.4554,41.5606,-8.4554,41.5606
703,-8.4554,41.5606,-8.4554,41.5606
704,-8.4554,41.5607,-8.4554,41.5607
705,-8.4554,41.5607,-8.4554,41.5607
706,-8.4554,41.5607,-8.4554,41.5607
707,-8.4554,41.5607,-8.4554,41.5607
708,-8.4554,41.5607,-8.4554,41.5607
709,-8.4554,41.5607,-8.4554,41.5607
710,-8.4554,41.5607,-8.4554,41.5607
711,-8.4554,41.5607,-8.4554,41.5607
712,-8.4554,41.5607,-8.4554,41.5607
713,-8.4554,41.5607,-8.4554,41.5607
714,-8.4554,41.5607,-8.4554,41.5607
715,-8.4554,41.5607,-8.4554,41.5607
716,-8.4554,41.5607,-8.4554,41.5607
717,-8.4554,41.5607,-8.4554,41.5607
718,-8.4554,41.5607,-8.4554,41.5607
719,-8.4554,41.5607,-8.4554,41.5607
720,-8.4554,41.5607,-8.4554,41.5607
721,-8.4554,41.5607,-8.4554,41.5607
722,-8.4554,41.5607,-8.4554,41.5607
723,-8.4554,41.5607,-8.4554,41.5607
724,-8.4554,41.5607,-8.4554,41.5607
725,-8.4554,41.5607,-8.4554,41.5607
726,-8.4554,41.5607,-8.4554,41.5607
727,-8.4554,41.5607,-8.4554,41.5607
728,-8.4554,41.5607,-8.4554,41.5607
729,-8.4554,41.5607,-8.4554,41.5607
730,-8.4554,41.5607,-8.4554,41.5607
731,-8.4554,41.5607,-8.4554,41.5607
732,-8.4554,41.5607,-8.4554,41.5607
733,-8.4554,41.5607,-8.4554,41.5607
734,-8.4554,41.5607,-8.4554,41.5607
735,-8.4554,41.5607,-8.4554,41.5607
736,-8.4554,41.5607,-8.4554,41.5607
737,-8.4554,41.5607,-8.4554,41.5607
738,-8.4554,41.5607,-8.4554,41.5607
739,-8.4554,41.5607,-8.4554,41.5607
740,-8.4554,41.5607,-8.4554,41.5607
741,-8.4554,41.5607,-8.4554,41.5607
742,-8.4554,41.5607,-8.4554,41.5607
743,-8.4555,41.5607,-8.4555,41.5607
744,-8.4556,41.5604,-8.4556,41.5604
745,-8.4574,41.5599,-8.4574,41.5599
746,-8.4591,41.5604,-8.4591,41.5604
747,-8.4603,41.5612,-8.4603,41.5612
748,-8.4609,41.5609,-8.4609,41.5609
749,-8.4612,41.5608,-8.4612,41.5608
750,-8.4618,41.5612,-8.4618,41.5612
751,-8.4617,41.5611,-8.4617,41.5611
752,-8.4617,41.5612,-8.4617,41.5612
753,-8.4617,41.5612,-8.4617,41.5612
754,-8.4617,41.5611,-8.4617,41.5611
755,-8.4617,41.5611,-8.4617,41.5611
756,-8.4617,41.5611,-8.4617,41.5611
757,-8.4617,41.5611,-8.4617,41.5611
758,-8.4617,41.5611,-8.4617,41.5611
759,-8.4617,41.5611,-8.4617,41.5611
760,-8.4617,41.5611,-8.4617,41.5611
761,-8.4617,41.5610,-8.4617,41.5610
762,-8.4617,41.5610,-8.4617,41.5610
763,-8.4617,41.5610,-8.4617,41.5610
764,-8.4617,41.5610,-8.4617,41.5610
765,-8.4617,41.5610,-8.4617,41.5610
766,-8.4617,41.5610,-8.4617,41.5610
767,-8.4617,41.5610,-8.4617,41.5610
768,-8.4617,41.5611,-8.4617,41.5611
769,-8.4617,41.5611,-8.4617,41.5611
770,-8.4617,41.5612,-8.4617,41.5612
771,-8.4617,41.5612,-8.4617,41.5612
772,-8.4617,41.5612,-8.4617,41.5612
773,-8.4617,41.5611,-8.4617,41.5611
774,-8.4617,41.5612,-8.4617,41.5612
775,-8.4617,41.5611,-8.4617,41.5611
776,-8.4617,41.5611,-8.4617,41.5611
777,-8.4617,41.5611,-8.4617,41.5611
778,-8.4617,41.5611,-8.4617,41.5611
779,-8.4617,41.5611,-8.4617,41.5611
780,-8.4617,41.5611,-8.4617,41.5611
781,-8.4617,41.5611,-8.4617,41.5611
782,-8.4617,41.5611,-8.4617,41.5611
783,-8.4617,41.5611,-8.4617,41.5611
784,-8.4617,41.5611,-8.4617,41.5611
785,-8.4617,41.5611,-8.4617,41.5611
786,-8.4617,41.5611,-8.4617,41.5611
787,-8.4617,41.5611,-8.4617,41.5611
788,-8.4617,41.5611,-8.4617,41.5611
789,-8.4617,41.5611,-8.4617,41.5611
790,-8.4617,41.5611,-8.4617,41.5611
791,-8.4617,41.5611,-8.4617,41.5611
792,-8.4617,41.5611,-8.4617,41.5611
793,-8.4617,41.5611,-8.4617,41.5611
794,-8.4617,41.5611,-8.4617,41.5611
795,-8.4617,41.5611,-8.4617,41.5611
796,-8.4617,41.5611,-8.4617,41.5611
797,-8.4617,41.5610,-8.4617,41.5610
798,-8.4617,41.5611,-8.4617,41.5611
799,-8.4617,41.5611,-8.4617,41.5611
800,-8.4617,41.5611,-8.4617,41.5611
801,-8.4617,41.5611,-8.4617,41.5611
802,-8.4617,41.5611,-8.4617,41.5611
803,-8.4617,41.5611,-8.4617,41.5611
804,-8.4617,41.5611,-8.4617,41.5611
805,-8.4617,41.5611,-8.4617,41.5611
806,-8.4617,41.5611,-8.4617,41.5611
807,-8.4617,41.5610,-8.4617,41.5610
808,-8.4617,41.5610,-8.4617,41.5610
809,-8.4617,41.5610,-8.4617,41.5610
810,-8.4617,41.5610,-8.4617,41.5610
811,-8.4617,41.5610,-8.4617,41.5610
812,-8.4617,41.5610,-8.4617,41.5610
813,-8.4617,41.5610,-8.4617,41.5610
814,-8.4617,41.5610,-8.4617,41.5610
815,-8.4617,41.5611,-8.4617,41.5611
816,-8.4617,41.5611,-8.4617,41.5611
817,-8.4617,41.5611,-8.4617,41.5611
818,-8.4617,41.5611,-8.4617,41.5611
819,-8.4617,41.5611,-8.4617,41.5611
820,-8.4617,41.5611,-8.4617,41.5611
821,-8.4617,41.5611,-8.4617,41.5611
822,-8.4617,41.5611,-8.4617,41.5611
823,-8.4617,41.5611,-8.4617,41.5611
824,-8.4617,41.5611,-8.4617,41.5611
825,-8.4617,41.5611,-8.4617,41.5611
826,-8.4617,41.5611,-8.4617,41.5611
827,-8.4617,41.5611,-8.4617,41.5611
828,-8.4617,41.5611,-8.4617,41.5611
829,-8.4617,41.5611,-8.4617,41.5611
830,-8.4617,41.5610,-8.4617,41.5610
831,-8.4617,41.5610,-8.4617,41.5610
832,-8.4618,41.5610,-8.4618,41.5610
833,-8.4617,41.5610,-8.4617,41.5610
834,-8.4618,41.5610,-8.4618,41.5610
835,-8.4617,41.5610,-8.4617,41.5610
836,-8.4617,41.5610,-8.4617,41.5610
837,-8.4617,41.5611,-8.4617,41.5611
838,-8.4617,41.5611,-8.4617,41.5611
839,-8.4617,41.5611,-8.4617,41.5611
840,-8.4617,41.5611,-8.4617,41.5611
841,-8.4617,41.5610,-8.4617,41.5610
842,-8.4617,41.5612,-8.4617,41.5612
843,-8.4617,41.5612,-8.4617,41.5612
844,-8.4617,41.5611,-8.4617,41.5611
845,-8.4617,41.5611,-8.4617,41.5611
846,-8.4617,41.5611,-8.4617,41.5611
847,-8.4617,41.5610,-8.4617,41.5610
848,-8.4617,41.5611,-8.4617,41.5611
849,-8.4617,41.5611,-8.4617,41.5611
850,-8.4617,41.5611,-8.4617,41.5611
851,-8.4617,41.5611,-8.4617,41.5611
852,-8.4617,41.5611,-8.4617,41.5611
853,-8.4617,41.5611,-8.4617,41.5611
854,-8.4617,41.5611,-8.4617,41.5611
855,-8.4617,41.5611,-8.4617,41.5611
856,-8.4618,41.5608,-8.4618,41.5608
857,-8.4618,41.5610,-8.4618,41.5610
858,-8.4618,41.5610,-8.4618,41.5610
859,-8.4618,41.5610,-8.4618,41.5610
860,-8.4618,41.5610,-8.4618,41.5610
861,-8.4618,41.5610,-8.4618,41.5610
862,-8.4617,41.5610,-8.4617,41.5610
863,-8.4617,41.5610,-8.4617,41.5610
864,-8.4618,41.5610,-8.4618,41.5610
865,-8.4618,41.5610,-8.4618,41.5610
866,-8.4618,41.5610,-8.4618,41.5610
867,-8.4618,41.5610,-8.4618,41.5610
868,-8.4618,41.5610,-8.4618,41.5610
869,-8.4618,41.5610,-8.4618,41.5610
870,-8.4617,41.5610,-8.4617,41.5610
871,-8.4617,41.5610,-8.4617,41.5610
872,-8.4617,41.5610,-8.4617,41.5610
873,-8.4617,41.5610,-8.4617,41.5610
874,-8.4617,41.5611,-8.4617,41.5611
875,-8.4617,41.5611,-8.4617,41.5611
876,-8.4617,41.5611,-8.4617,41.5611
877,-8.4617,41.5611,-8.4617,41.5611
878,-8.4617,41.5611,-8.4617,41.5611
879,-8.4618,41.5611,-8.4618,41.5611
880,-8.4617,41.5611,-8.4617,41.5611
881,-8.4617,41.5611,-8.4617,41.5611
882,-8.4618,41.5610,-8.4618,41.5610
883,-8.4618,41.5610,-8.4618,41.5610
884,-8.4618,41.5611,-8.4618,41.5611
885,-8.4618,41.5611,-8.4618,41.5611
886,-8.4618,41.5611,-8.4618,41.5611
887,-8.4618,41.5611,-8.4618,41.5611
888,-8.4618,41.5611,-8.4618,41.5611
889,-8.4618,41.5611,-8.4618,41.5611
890,-8.4618,41.5611,-8.4618,41.5611
891,-8.4618,41.5611,-8.4618,41.5611
892,-8.4617,41.5611,-8.4617,41.5611
893,-8.4617,41.5611,-8.4617,41.5611
894,-8.4617,41.5611,-8.4617,41.5611
895,-8.4617,41.5611,-8.4617,41.5611
896,-8.4617,41.5611,-8.4617,41.5611
897,-8.4618,41.5611,-8.4618,41.5611
898,-8.4618,41.5611,-8.4618,41.5611
899,-8.4617,41.5611,-8.4617,41.5611
900,-8.4617,41.5611,-8.4617,41.5611
901,-8.4617,41.5611,-8.4617,41.5611
902,-8.4617,41.5611,-8.4617,41.5611
903,-8.4618,41.5611,-8.4618,41.5611
904,-8.4618,41.5611,-8.4618,41.5611
905,-8.4618,41.5611,-8.4618,41.5611
906,-8.4617,41.5611,-8.4617,41.5611
907,-8.4617,41.5611,-8.4617,41.5611
908,-8.4617,41.5611,-8.4617,41.5611
909,-8.4617,41.5611,-8.4617,41.5611
910,-8.4618,41.5611,-8.4618,41.5611
911,-8.4618,41.5611,-8.4618,41.5611
912,-8.4618,41.5611,-8.4618,41.5611
913,-8.4618,41.5611,-8.4618,41.5611
914,-8.4618,41.5611,-8.4618,41.5611
915,-8.4618,41.5611,-8.4618,41.5611
916,-8.4618,41.5611,-8.4618,41.5611
917,-8.4617,41.5611,-8.4617,41.5611
918,-8.4617,41.5611,-8.4617,41.5611
919,-8.4617,41.5611,-8.4617,41.5611
920,-8.4617,41.5611,-8.4617,41.5611
921,-8.4617,41.5611,-8.4617,41.5611
922,-8.4617,41.5611,-8.4617,41.5611
923,-8.4617,41.5611,-8.4617,41.5611
924,-8.4618,41.5610,-8.4618,41.5610
925,-8.4618,41.5610,-8.4618,41.5610
926,-8.4618,41.5610,-8.4618,41.5610
927,-8.4618,41.5610,-8.4618,41.5610
928,-8.4618,41.5610,-8.4618,41.5610
929,-8.4618,41.5610,-8.4618,41.5610
930,-8.4618,41.5611,-8.4618,41.5611
931,-8.4618,41.5610,-8.4618,41.5610
932,-8.4618,41.5610,-8.4618,41.5610
933,-8.4618,41.5610,-8.4618,41.5610
934,-8.4618,41.5611,-8.4618,41.5611
935,-8.4618,41.5611,-8.4618,41.5611
936,-8.4618,41.5611,-8.4618,41.5611
937,-8.4618,41.5611,-8.4618,41.5611
938,-8.4618,41.5611,-8.4618,41.5611
939,-8.4617,41.5611,-8.4617,41.5611
940,-8.4617,41.5611,-8.4617,41.5611
941,-8.4617,41.5611,-8.4617,41.5611
942,-8.4617,41.5611,-8.4617,41.5611
943,-8.4617,41.5611,-8.4617,41.5611
944,-8.4617,41.5611,-8.4617,41.5611
945,-8.4617,41.5611,-8.4617,41.5611
946,-8.4618,41.5611,-8.4618,41.5611
947,-8.4618,41.5611,-8.4618,41.5611
948,-8.4618,41.5611,-8.4618,41.5611
949,-8.4618,41.5611,-8.4618,41.5611
950,-8.4618,41.5611,-8.4618,41.5611
951,-8.4618,41.5611,-8.4618,41.5611
952,-8.4618,41.5611,-8.4618,41.5611
953,-8.4617,41.5611,-8.4617,41.5611
954,-8.4617,41.5611,-8.4617,41.5611
955,-8.4617,41.5611,-8.4617,41.5611
956,-8.4617,41.5611,-8.4617,41.5611
957,-8.4617,41.5611,-8.4617,41.5611
958,-8.4617,41.5611,-8.4617,41.5611
959,-8.4617,41.5611,-8.4617,41.5611
960,-8.4617,41.5611,-8.4617,41.5611
961,-8.4618,41.5611,-8.4618,41.5611
962,-8.4617,41.5611,-8.4617,41.5611
963,-8.4617,41.5611,-8.4617,41.5611
964,-8.4617,41.5611,-8.4617,41.5611
965,-8.4617,41.5611,-8.4617,41.5611
966,-8.4617,41.5611,-8.4617,41.5611
967,-8.4617,41.5611,-8.4617,41.5611
968,-8.4617,41.5611,-8.4617,41.5611
969,-8.4617,41.5611,-8.4617,41.5611
970,-8.4617,41.5611,-8.4617,41.5611
971,-8.4617,41.5611,-8.4617,41.5611
972,-8.4617,41.5611,-8.4617,41.5611
973,-8.4617,41.5611,-8.4617,41.5611
974,-8.4617,41.5611,-8.4617,41.5611
975,-8.4617,41.5611,-8.4617,41.5611
976,-8.4617,41.5611,-8.4617,41.5611
977,-8.4617,41.5611,-8.4617,41.5611
978,-8.4617,41.5611,-8.4617,41.5611
979,-8.4617,41.5611,-8.4617,41.5611
980,-8.4616,41.5611,-8.4616,41.5611
981,-8.4617,41.5611,-8.4617,41.5611
982,-8.4617,41.5611,-8.4617,41.5611
983,-8.4617,41.5611,-8.4617,41.5611
984,-8.4617,41.5611,-8.4617,41.5611
985,-8.4617,41.5611,-8.4617,41.5611
986,-8.4617,41.5612,-8.4617,41.5612
987,-8.4617,41.5612,-8.4617,41.5612
988,-8.4617,41.5612,-8.4617,41.5612
989,-8.4617,41.5612,-8.4617,41.5612
990,-8.4617,41.5612,-8.4617,41.5612
991,-8.4617,41.5612,-8.4617,41.5612
992,-8.4617,41.5612,-8.4617,41.5612
993,-8.4617,41.5612,-8.4617,41.5612
994,-8.4617,41.5611,-8.4617,41.5611
995,-8.4617,41.5612,-8.4617,41.5612
996,-8.4617,41.5612,-8.4617,41.5612
997,-8.4617,41.5612,-8.4617,41.5612
998,-8.4617,41.5611,-8.4617,41.5611
999,-8.4617,41.5612,-8.4617,41.5612
1000,-8.4617,41.5612,-8.4617,41.5612
1001,-8.4617,41.5612,-8.4617,41.5612
1002,-8.4617,41.5611,-8.4617,41.5611
1003,-8.4617,41.5612,-8.4617,41.5612
1004,-8.4617,41.5612,-8.4617,41.5612
1005,-8.4617,41.5612,-8.4617,41.5612
1006,-8.4617,41.5612,-8.4617,41.5612
1007,-8.4617,41.5611,-8.4617,41.5611
1008,-8.4617,41.5611,-8.4617,41.5611
1009,-8.4617,41.5612,-8.4617,41.5612
1010,-8.4617,41.5612,-8.4617,41.5612
1011,-8.4617,41.5612,-8.4617,41.5612
1012,-8.4617,41.5612,-8.4617,41.5612
1013,-8.4617,41.5612,-8.4617,41.5612
1014,-8.4617,41.5612,-8.4617,41.5612
1015,-8.4617,41.5612,-8.4617,41.5612
1016,-8.4617,41.5612,-8.4617,41.5612
1017,-8.4617,41.5611,-8.4617,41.5611
1018,-8.4617,41.5612,-8.4617,41.5612
1019,-8.4617,41.5611,-8.4617,41.5611
1020,-8.4617,41.5611,-8.4617,41.5611
1021,-8.4617,41.5612,-8.4617,41.5612
1022,-8.4617,41.5612,-8.4617,41.5612
1023,-8.4617,41.5612,-8.4617,41.5612
1024,-8.4617,41.5611,-8.4617,41.5611
1025,-8.4617,41.5611,-8.4617,41.5611
1026,-8.4617,41.5612,-8.4617,41.5612
1027,-8.4617,41.5612,-8.4617,41.5612
1028,-8.4617,41.5611,-8.4617,41.5611
1029,-8.4617,41.5611,-8.4617,41.5611
1030,-8.4617,41.5611,-8.4617,41.5611
1031,-8.4617,41.5611,-8.4617,41.5611
1032,-8.4617,41.5611,-8.4617,41.5611
1033,-8.4617,41.5611,-8.4617,41.5611
1034,-8.4617,41.5611,-8.4617,41.5611
1035,-8.4617,41.5611,-8.4617,41.5611
1036,-8.4617,41.5611,-8.4617,41.5611
1037,-8.4617,41.5611,-8.4617,41.5611
1038,-8.4617,41.5611,-8.4617,41.5611
1039,-8.4617,41.5611,-8.4617,41.5611
1040,-8.4617,41.5611,-8.4617,41.5611
1041,-8.4617,41.5611,-8.4617,41.5611
1042,-8.4617,41.5611,-8.4617,41.5611
1043,-8.4617,41.5612,-8.4617,41.5612
1044,-8.4617,41.5612,-8.4617,41.5612
1045,-8.4617,41.5612,-8.4617,41.5612
1046,-8.4617,41.5612,-8.4617,41.5612
1047,-8.4617,41.5612,-8.4617,41.5612
1048,-8.4617,41.5612,-8.4617,41.5612
1049,-8.4617,41.5612,-8.4617,41.5612
1050,-8.4617,41.5612,-8.4617,41.5612
1051,-8.4616,41.5612,-8.4616,41.5612
1052,-8.4617,41.5611,-8.4617,41.5611
1053,-8.4616,41.5612,-8.4616,41.5612
1054,-8.4617,41.5612,-8.4617,41.5612
1055,-8.4617,41.5612,-8.4617,41.5612
1056,-8.4617,41.5612,-8.4617,41.5612
1057,-8.4617,41.5612,-8.4617,41.5612
1058,-8.4617,41.5612,-8.4617,41.5612
1059,-8.4617,41.5612,-8.4617,41.5612
1060,-8.4617,41.5612,-8.4617,41.5612
1061,-8.4617,41.5612,-8.4617,41.5612
1062,-8.4616,41.5612,-8.4616,41.5612
1063,-8.4617,41.5611,-8.4617,41.5611
1064,-8.4617,41.5611,-8.4617,41.5611
1065,-8.4617,41.5611,-8.4617,41.5611
1066,-8.4617,41.5611,-8.4617,41.5611
1067,-8.4617,41.5612,-8.4617,41.5612
1068,-8.4617,41.5612,-8.4617,41.5612
1069,-8.4617,41.5612,-8.4617,41.5612
1070,-8.4617,41.5612,-8.4617,41.5612
1071,-8.4617,41.5612,-8.4617,41.5612
1072,-8.4617,41.5612,-8.4617,41.5612
1073,-8.4617,41.5612,-8.4617,41.5612
1074,-8.4617,41.5612,-8.4617,41.5612
1075,-8.4617,41.5612,-8.4617,41.5612
1076,-8.4617,41.5611,-8.4617,41.5611
1077,-8.4617,41.5611,-8.4617,41.5611
1078,-8.4617,41.5611,-8.4617,41.5611
1079,-8.4617,41.5611,-8.4617,41.5611
1080,-8.4617,41.5611,-8.4617,41.5611
1081,-8.4617,41.5612,-8.4617,41.5612
1082,-8.4617,41.5612,-8.4617,41.5612
1083,-8.4617,41.5612,-8.4617,41.5612
1084,-8.4617,41.5612,-8.4617,41.5612
1085,-8.4617,41.5612,-8.4617,41.5612
1086,-8.4617,41.5612,-8.4617,41.5612
1087,-8.4617,41.5612,-8.4617,41.5612
1088,-8.4617,41.5612,-8.4617,41.5612
1089,-8.4617,41.5612,-8.4617,41.5612
1090,-8.4617,41.5613,-8.4617,41.5613
1091,-8.4617,41.5612,-8.4617,41.5612
1092,-8.4617,41.5612,-8.4617,41.5612
1093,-8.4617,41.5612,-8.4617,41.5612
1094,-8.4617,41.5612,-8.4617,41.5612
1095,-8.4617,41.5612,-8.4617,41.5612
1096,-8.4617,41.5612,-8.4617,41.5612
1097,-8.4617,41.5612,-8.4617,41.5612
1098,-8.4616,41.5612,-8.4616,41.5612
1099,-8.4617,41.5612,-8.4617,41.5612
1100,-8.4617,41.5612,-8.4617,41.5612
1101,-8.4617,41.5612,-8.4617,41.5612
1102,-8.4617,41.5612,-8.4617,41.5612
1103,-8.4617,41.5612,-8.4617,41.5612
1104,-8.4617,41.5612,-8.4617,41.5612
1105,-8.4617,41.5612,-8.4617,41.5612
1106,-8.4617,41.5611,-8.4617,41.5611
1107,-8.4617,41.5611,-8.4617,41.5611
1108,-8.4618,41.5611,-8.4618,41.5611
1109,-8.4618,41.5611,-8.4618,41.5611
1110,-8.4617,41.5611,-8.4617,41.5611
1111,-8.4617,41.5611,-8.4617,41.5611
1112,-8.4617,41.5611,-8.4617,41.5611
1113,-8.4617,41.5611,-8.4617,41.5611
1114,-8.4617,41.5611,-8.4617,41.5611
1115,-8.4617,41.5611,-8.4617,41.5611
1116,-8.4617,41.5611,-8.4617,41.5611
1117,-8.4617,41.5611,-8.4617,41.5611
1118,-8.4617,41.5611,-8.4617,41.5611
1119,-8.4617,41.5611,-8.4617,41.5611
1120,-8.4617,41.5611,-8.4617,41.5611
1121,-8.4617,41.5611,-8.4617,41.5611
1122,-8.4617,41.5611,-8.4617,41.5611
1123,-8.4617,41.5611,-8.4617,41.5611
1124,-8.4617,41.5611,-8.4617,41.5611
1125,-8.4617,41.5611,-8.4617,41.5611
1126,-8.4617,41.5611,-8.4617,41.5611
1127,-8.4617,41.5611,-8.4617,41.5611
1128,-8.4617,41.5611,-8.4617,41.5611
1129,-8.4617,41.5611,-8.4617,41.5611
1130,-8.4617,41.5611,-8.4617,41.5611
1131,-8.4617,41.5611,-8.4617,41.5611
1132,-8.4617,41.5611,-8.4617,41.5611
1133,-8.4617,41.5612,-8.4617,41.5612
1134,-8.4617,41.5612,-8.4617,41.5612
1135,-8.4617,41.5612,-8.4617,41.5612
1136,-8.4617,41.5612,-8.4617,41.5612
1137,-8.4617,41.5612,-8.4617,41.5612
1138,-8.4617,41.5612,-8.4617,41.5612
1139,-8.4617,41.5612,-8.4617,41.5612
1140,-8.4617,41.5612,-8.4617,41.5612
1141,-8.4617,41.5612,-8.4617,41.5612
1142,-8.4617,41.5612,-8.4617,41.5612
1143,-8.4617,41.5612,-8.4617,41.5612
1144,-8.4617,41.5612,-8.4617,41.5612
1145,-8.4617,41.5612,-8.4617,41.5612
1146,-8.4617,41.5612,-8.4617,41.5612
1147,-8.4617,41.5611,-8.4617,41.5611
1148,-8.4617,41.5612,-8.4617,41.5612
1149,-8.4617,41.5612,-8.4617,41.5612
1150,-8.4617,41.5612,-8.4617,41.5612
1151,-8.4617,41.5612,-8.4617,41.5612
1152,-8.4617,41.5612,-8.4617,41.5612
1153,-8.4617,41.5612,-8.4617,41.5612
1154,-8.4617,41.5612,-8.4617,41.5612
1155,-8.4617,41.5611,-8.4617,41.5611
1156,-8.4617,41.5611,-8.4617,41.5611
1157,-8.4617,41.5612,-8.4617,41.5612
1158,-8.4617,41.5612,-8.4617,41.5612
1159,-8.4617,41.5611,-8.4617,41.5611
1160,-8.4617,41.5611,-8.4617,41.5611
1161,-8.4617,41.5611,-8.4617,41.5611
1162,-8.4617,41.5612,-8.4617,41.5612
1163,-8.4617,41.5612,-8.4617,41.5612
1164,-8.4617,41.5612,-8.4617,41.5612
1165,-8.4617,41.5612,-8.4617,41.5612
1166,-8.4617,41.5611,-8.4617,41.5611
1167,-8.4617,41.5611,-8.4617,41.5611
1168,-8.4617,41.5611,-8.4617,41.5611
1169,-8.4617,41.5612,-8.4617,41.5612
1170,-8.4617,41.5611,-8.4617,41.5611
1171,-8.4617,41.5612,-8.4617,41.5612
1172,-8.4617,41.5611,-8.4617,41.5611
1173,-8.4617,41.5611,-8.4617,41.5611
1174,-8.4617,41.5611,-8.4617,41.5611
1175,-8.4617,41.5612,-8.4617,41.5612
1176,-8.4617,41.5612,-8.4617,41.5612
1177,-8.4617,41.5612,-8.4617,41.5612
1178,-8.4617,41.5612,-8.4617,41.5612
1179,-8.4617,41.5612,-8.4617,41.5612
1180,-8.4617,41.5612,-8.4617,41.5612
1181,-8.4617,41.5611,-8.4617,41.5611
1182,-8.4617,41.5611,-8.4617,41.5611
1183,-8.4617,41.5611,-8.4617,41.5611
1184,-8.4617,41.5611,-8.4617,41.5611
1185,-8.4617,41.5612,-8.4617,41.5612
1186,-8.4617,41.5611,-8.4617,41.5611
1187,-8.4617,41.5612,-8.4617,41.5612
1188,-8.4617,41.5612,-8.4617,41.5612
1189,-8.4617,41.5612,-8.4617,41.5612
1190,-8.4617,41.5612,-8.4617,41.5612
1191,-8.4617,41.5611,-8.4617,41.5611
1192,-8.4617,41.5611,-8.4617,41.5611
1193,-8.4617,41.5612,-8.4617,41.5612
1194,-8.4617,41.5611,-8.4617,41.5611
1195,-8.4617,41.5611,-8.4617,41.5611
1196,-8.4617,41.5611,-8.4617,41.5611
1197,-8.4617,41.5611,-8.4617,41.5611
1198,-8.4617,41.5612,-8.4617,41.5612
1199,-8.4617,41.5612,-8.4617,41.5612
1200,-8.4617,41.5612,-8.4617,41.5612
1201,-8.4617,41.5612,-8.4617,41.5612
1202,-8.4616,41.5612,-8.4616,41.5612
1203,-8.4612,41.5609,-8.4612,41.5609
1204,-8.4609,41.5609,-8.4609,41.5609
1205,-8.4602,41.5612,-8.4602,41.5612
1206,-8.4593,41.5605,-8.4593,41.5605
1207,-8.4576,41.5597,-8.4576,41.5597
1208,-8.4554,41.5603,-8.4554,41.5603
1209,-8.4532,41.5596,-8.4532,41.5596
1210,-8.4504,41.5592,-8.4504,41.5592
1211,-8.4480,41.5594,-8.4480,41.5594
1212,-8.4462,41.5601,-8.4462,41.5601
1213,-8.4444,41.5591,-8.4444,41.5591
1214,-8.4422,41.5577,-8.4422,41.5577
1215,-8.4408,41.5569,-8.4408,41.5569
1216,-8.4383,41.5562,-8.4383,41.5562
1217,-8.4361,41.5563,-8.4361,41.5563
1218,-8.4341,41.5556,-8.4341,41.5556
1219,-8.4324,41.5557,-8.4324,41.5557
1220,-8.4308,41.5557,-8.4308,41.5557
1221,-8.4312,41.5546,-8.4312,41.5546
1222,-8.4310,41.5533,-8.4310,41.5533
1223,-8.4316,41.5522,-8.4316,41.5522
1224,-8.4352,41.5488,-8.4352,41.5488
1225,-8.4376,41.5458,-8.4376,41.5458
1226,-8.4402,41.5427,-8.4402,41.5427
1227,-8.4423,41.5398,-8.4423,41.5398
1228,-8.4454,41.5368,-8.4454,41.5368
1229,-8.4454,41.5333,-8.4454,41.5333
1230,-8.4431,41.5301,-8.4431,41.5301
1231,-8.4446,41.5264,-8.4446,41.5264
1232,-8.4465,41.5226,-8.4465,41.5226
1233,-8.4451,41.5187,-8.4451,41.5187
1234,-8.4448,41.5150,-8.4448,41.5150
1235,-8.4445,41.5113,-8.4445,41.5113
1236,-8.4455,41.5079,-8.4455,41.5079
1237,-8.4491,41.5079,-8.4491,41.5079
1238,-8.4541,41.5076,-8.4541,41.5076
1239,-8.4600,41.5077,-8.4600,41.5077
1240,-8.4635,41.5079,-8.4635,41.5079
1241,-8.4662,41.5079,-8.4662,41.5079
1242,-8.4687,41.5063,-8.4687,41.5063
1243,-8.4719,41.5070,-8.4719,41.5070
1244,-8.4723,41.5060,-8.4723,41.5060
1245,-8.4723,41.5031,-8.4723,41.5031
1246,-8.4709,41.4989,-8.4709,41.4989
1247,-8.4673,41.4956,-8.4673,41.4956
1248,-8.4647,41.4920,-8.4647,41.4920
1249,-8.4665,41.4880,-8.4665,41.4880
1250,-8.4650,41.4840,-8.4650,41.4840
1251,-8.4603,41.4813,-8.4603,41.4813
1252,-8.4594,41.4772,-8.4594,41.4772
1253,-8.4637,41.4739,-8.4637,41.4739
1254,-8.4682,41.4703,-8.4682,41.4703
1255,-8.4706,41.4661,-8.4706,41.4661
1256,-8.4746,41.4629,-8.4746,41.4629
1257,-8.4794,41.4596,-8.4794,41.4596
1258,-8.4842,41.4563,-8.4842,41.4563
1259,-8.4890,41.4532,-8.4890,41.4532
1260,-8.4914,41.4484,-8.4914,41.4484
1261,-8.4929,41.4440,-8.4929,41.4440
1262,-8.4942,41.4392,-8.4942,41.4392
1263,-8.4970,41.4346,-8.4970,41.4346
1264,-8.4977,41.4292,-8.4977,41.4292
1265,-8.4950,41.4240,-8.4950,41.4240
1266,-8.4936,41.4188,-8.4936,41.4188
1267,-8.4950,41.4137,-8.4950,41.4137
1268,-8.4950,41.4084,-8.4950,41.4084
1269,-8.4934,41.4036,-8.4934,41.4036
1270,-8.4960,41.3988,-8.4960,41.3988
1271,-8.4960,41.3935,-8.4960,41.3935
1272,-8.4954,41.3881,-8.4954,41.3881
1273,-8.4992,41.3835,-8.4992,41.3835
1274,-8.5014,41.3781,-8.5014,41.3781
1275,-8.5032,41.3728,-8.5032,41.3728
1276,-8.5023,41.3676,-8.5023,41.3676
1277,-8.5000,41.3626,-8.5000,41.3626
1278,-8.5024,41.3577,-8.5024,41.3577
1279,-8.5067,41.3537,-8.5067,41.3537
1280,-8.5065,41.3482,-8.5065,41.3482
1281,-8.5063,41.3426,-8.5063,41.3426
1282,-8.5086,41.3370,-8.5086,41.3370
1283,-8.5127,41.3323,-8.5127,41.3323
1284,-8.5172,41.3281,-8.5172,41.3281
1285,-8.5175,41.3227,-8.5175,41.3227
1286,-8.5163,41.3175,-8.5163,41.3175
1287,-8.5208,41.3136,-8.5208,41.3136
1288,-8.5264,41.3103,-8.5264,41.3103
1289,-8.5300,41.3056,-8.5300,41.3056
1290,-8.5365,41.3034,-8.5365,41.3034
1291,-8.5387,41.2986,-8.5387,41.2986
1292,-8.5421,41.2939,-8.5421,41.2939
1293,-8.5484,41.2907,-8.5484,41.2907
1294,-8.5545,41.2877,-8.5545,41.2877
1295,-8.5597,41.2838,-8.5597,41.2838
1296,-8.5613,41.2783,-8.5613,41.2783
1297,-8.5599,41.2724,-8.5599,41.2724
1298,-8.5622,41.2668,-8.5622,41.2668
1299,-8.5653,41.2613,-8.5653,41.2613
1300,-8.5680,41.2560,-8.5680,41.2560
1301,-8.5683,41.2504,-8.5683,41.2504
1302,-8.5662,41.2457,-8.5662,41.2457
1303,-8.5645,41.2418,-8.5645,41.2418
1304,-8.5647,41.2369,-8.5647,41.2369
1305,-8.5675,41.2322,-8.5675,41.2322
1306,-8.5714,41.2277,-8.5714,41.2277
1307,-8.5736,41.2226,-8.5736,41.2226
1308,-8.5755,41.2176,-8.5755,41.2176
1309,-8.5780,41.2127,-8.5780,41.2127
1310,-8.5820,41.2083,-8.5820,41.2083
1311,-8.5840,41.2030,-8.5840,41.2030
1312,-8.5878,41.1986,-8.5878,41.1986
1313,-8.5913,41.1941,-8.5913,41.1941
1314,-8.5943,41.1900,-8.5943,41.1900
1315,-8.5942,41.1853,-8.5942,41.1853
1316,-8.5931,41.1808,-8.5931,41.1808
1317,-8.5936,41.1766,-8.5936,41.1766
1318,-8.5949,41.1733,-8.5949,41.1733
1319,-8.5978,41.1716,-8.5978,41.1716
1320,-8.6026,41.1715,-8.6026,41.1715
1321,-8.6073,41.1729,-8.6073,41.1729
1322,-8.6121,41.1745,-8.6121,41.1745
1323,-8.6172,41.1740,-8.6172,41.1740
1324,-8.6221,41.1735,-8.6221,41.1735
1325,-8.6269,41.1730,-8.6269,41.1730
1326,-8.6321,41.1720,-8.6321,41.1720
1327,-8.6365,41.1710,-8.6365,41.1710
1328,-8.6399,41.1690,-8.6399,41.1690
1329,-8.6426,41.1671,-8.6426,41.1671
1330,-8.6433,41.1677,-8.6433,41.1677
1331,-8.6413,41.1663,-8.6413,41.1663
1332,-8.6400,41.1651,-8.6400,41.1651
1333,-8.6385,41.1646,-8.6385,41.1646
1334,-8.6377,41.1644,-8.6377,41.1644
1335,-8.6369,41.1636,-8.6369,41.1636
1336,-8.6353,41.1629,-8.6353,41.1629
1337,-8.6365,41.1623,-8.6365,41.1623
1338,-8.6375,41.1619,-8.6375,41.1619
1339,-8.6388,41.1613,-8.6388,41.1613
1340,-8.6400,41.1609,-8.6400,41.1609
1341,-8.6413,41.1604,-8.6413,41.1604
1342,-8.6414,41.1607,-8.6414,41.1607
1343,-8.6407,41.1612,-8.6407,41.1612
1344,-8.6408,41.1613,-8.6408,41.1613
1345,-8.6409,41.1613,-8.6409,41.1613
1346,-8.6409,41.1614,-8.6409,41.1614
1347,-8.6410,41.1614,-8.6410,41.1614
1348,-8.6412,41.1616,-8.6412,41.1616
1349,-8.6415,41.1618,-8.6415,41.1618
1350,-8.6415,41.1618,-8.6415,41.1618
1351,-8.6416,41.1618,-8.6416,41.1618
1352,-8.6416,41.1615,-8.6416,41.1615
1353,-8.6417,41.1613,-8.6417,41.1613
1354,-8.6417,41.1613,-8.6417,41.1613
1355,-8.6417,41.1612,-8.6417,41.1612
1356,-8.6417,41.1611,-8.6417,41.1611
1357,-8.6417,41.1609,-8.6417,41.1609
1358,-8.6416,41.1610,-8.6416,41.1610
1359,-8.6415,41.1610,-8.6415,41.1610
1360,-8.6415,41.1610,-8.6415,41.1610
1361,-8.6414,41.1611,-8.6414,41.1611
1362,-8.6413,41.1611,-8.6413,41.1611
1363,-8.6412,41.1611,-8.6412,41.1611
1364,-8.6413,41.1613,-8.6413,41.1613
1365,-8.6414,41.1616,-8.6414,41.1616
1366,-8.6415,41.1618,-8.6415,41.1618
1367,-8.6416,41.1618,-8.6416,41.1618
1368,-8.6416,41.1617,-8.6416,41.1617
1369,-8.6415,41.1619,-8.6415,41.1619
1370,-8.6408,41.1620,-8.6408,41.1620
1371,-8.6399,41.1624,-8.6399,41.1624
1372,-8.6393,41.1626,-8.6393,41.1626
1373,-8.6389,41.1628,-8.6389,41.1628
1374,-8.6382,41.1634,-8.6382,41.1634
1375,-8.6377,41.1635,-8.6377,41.1635
1376,-8.6375,41.1636,-8.6375,41.1636
1377,-8.6374,41.1637,-8.6374,41.1637
1378,-8.6374,41.1637,-8.6374,41.1637
1379,-8.6374,41.1637,-8.6374,41.1637
1380,-8.6371,41.1638,-8.6371,41.1638
1381,-8.6371,41.1639,-8.6371,41.1639
1382,-8.6370,41.1639,-8.6370,41.1639
1383,-8.6370,41.1639,-8.6370,41.1639
1384,-8.6369,41.1640,-8.6369,41.1640
1385,-8.6371,41.1645,-8.6371,41.1645
1386,-8.6397,41.1652,-8.6397,41.1652
1387,-8.6420,41.1671,-8.6420,41.1671
1388,-8.6443,41.1690,-8.6443,41.1690
1389,-8.6469,41.1711,-8.6469,41.1711
1390,-8.6495,41.1733,-8.6495,41.1733
1391,-8.6519,41.1753,-8.6519,41.1753
1392,-8.6544,41.1771,-8.6544,41.1771
1393,-8.6574,41.1796,-8.6574,41.1796
1394,-8.6599,41.1817,-8.6599,41.1817
1395,-8.6622,41.1836,-8.6622,41.1836
1396,-8.6641,41.1852,-8.6641,41.1852
1397,-8.6663,41.1870,-8.6663,41.1870
1398,-8.6673,41.1892,-8.6673,41.1892
1399,-8.6663,41.1919,-8.6663,41.1919
1400,-8.6645,41.1959,-8.6645,41.1959
1401,-8.6604,41.1988,-8.6604,41.1988
1402,-8.6565,41.2014,-8.6565,41.2014
1403,-8.6522,41.2021,-8.6522,41.2021
1404,-8.6498,41.2021,-8.6498,41.2021
1405,-8.6515,41.2050,-8.6515,41.2050
1406,-8.6516,41.2092,-8.6516,41.2092
1407,-8.6534,41.2134,-8.6534,41.2134
1408,-8.6564,41.2172,-8.6564,41.2172
1409,-8.6604,41.2215,-8.6604,41.2215
1410,-8.6640,41.2254,-8.6640,41.2254
1411,-8.6676,41.2284,-8.6676,41.2284
1412,-8.6672,41.2319,-8.6672,41.2319
1413,-8.6673,41.2350,-8.6673,41.2350
1414,-8.6680,41.2376,-8.6680,41.2376
1415,-8.6695,41.2390,-8.6695,41.2390
1416,-8.6705,41.2384,-8.6705,41.2384
1417,-8.6701,41.2370,-8.6701,41.2370
1418,-8.6701,41.2370,-8.6701,41.2370
1419,-8.6702,41.2370,-8.6702,41.2370
1420,-8.6700,41.2369,-8.6700,41.2369
1421,-8.6699,41.2368,-8.6699,41.2368
1422,-8.6698,41.2357,-8.6698,41.2357
1423,-8.6690,41.2351,-8.6690,41.2351
1424,-8.6691,41.2364,-8.6691,41.2364
1425,-8.6695,41.2379,-8.6695,41.2379
1426,-8.6682,41.2373,-8.6682,41.2373
1427,-8.6671,41.2344,-8.6671,41.2344
1428,-8.6674,41.2315,-8.6674,41.2315
1429,-8.6685,41.2281,-8.6685,41.2281
