1,-8.5999,41.1827,-8.5999,41.1827
2,-8.5999,41.1827,-8.5999,41.1827
3,-8.6003,41.1827,-8.6003,41.1827
4,-8.5996,41.1827,-8.5996,41.1827
5,-8.5983,41.1823,-8.5983,41.1823
6,-8.5982,41.1823,-8.5982,41.1823
7,-8.5982,41.1823,-8.5982,41.1823
8,-8.5982,41.1823,-8.5982,41.1823
9,-8.5982,41.1822,-8.5982,41.1822
10,-8.5972,41.1821,-8.5972,41.1821
11,-8.5952,41.1816,-8.5952,41.1816
12,-8.5928,41.1807,-8.5928,41.1807
13,-8.5918,41.1796,-8.5918,41.1796
14,-8.5929,41.1804,-8.5929,41.1804
15,-8.5932,41.1829,-8.5932,41.1829
16,-8.5943,41.1861,-8.5943,41.1861
17,-8.5945,41.1894,-8.5945,41.1894
18,-8.5922,41.1923,-8.5922,41.1923
19,-8.5898,41.1955,-8.5898,41.1955
20,-8.5875,41.1988,-8.5875,41.1988
21,-8.5847,41.2017,-8.5847,41.2017
22,-8.5830,41.2054,-8.5830,41.2054
23,-8.5811,41.2093,-8.5811,41.2093
24,-8.5777,41.2129,-8.5777,41.2129
25,-8.5754,41.2170,-8.5754,41.2170
26,-8.5743,41.2215,-8.5743,41.2215
27,-8.5721,41.2257,-8.5721,41.2257
28,-8.5698,41.2298,-8.5698,41.2298
29,-8.5666,41.2331,-8.5666,41.2331
30,-8.5646,41.2366,-8.5646,41.2366
31,-8.5641,41.2403,-8.5641,41.2403
32,-8.5649,41.2438,-8.5649,41.2438
33,-8.5666,41.2469,-8.5666,41.2469
34,-8.5681,41.2503,-8.5681,41.2503
35,-8.5683,41.2539,-8.5683,41.2539
36,-8.5672,41.2577,-8.5672,41.2577
37,-8.5649,41.2617,-8.5649,41.2617
38,-8.5627,41.2657,-8.5627,41.2657
39,-8.5606,41.2695,-8.5606,41.2695
40,-8.5598,41.2737,-8.5598,41.2737
41,-8.5611,41.2780,-8.5611,41.2780
42,-8.5604,41.2823,-8.5604,41.2823
43,-8.5571,41.2862,-8.5571,41.2862
44,-8.5516,41.2890,-8.5516,41.2890
45,-8.5460,41.2917,-8.5460,41.2917
46,-8.5409,41.2946,-8.5409,41.2946
47,-8.5383,41.2988,-8.5383,41.2988
48,-8.5365,41.3032,-8.5365,41.3032
49,-8.5310,41.3050,-8.5310,41.3050
50,-8.5271,41.3082,-8.5271,41.3082
51,-8.5243,41.3122,-8.5243,41.3122
52,-8.5194,41.3141,-8.5194,41.3141
53,-8.5162,41.3174,-8.5162,41.3174
54,-8.5168,41.3219,-8.5168,41.3219
55,-8.5176,41.3267,-8.5176,41.3267
56,-8.5148,41.3310,-8.5148,41.3310
57,-8.5101,41.3342,-8.5101,41.3342
58,-8.5079,41.3385,-8.5079,41.3385
59,-8.5062,41.3427,-8.5062,41.3427
60,-8.5056,41.3469,-8.5056,41.3469
61,-8.5071,41.3510,-8.5071,41.3510
62,-8.5057,41.3549,-8.5057,41.3549
63,-8.5020,41.3580,-8.5020,41.3580
64,-8.4999,41.3618,-8.4999,41.3618
65,-8.5010,41.3659,-8.5010,41.3659
66,-8.5030,41.3697,-8.5030,41.3697
67,-8.5029,41.3735,-8.5029,41.3735
68,-8.5012,41.3773,-8.5012,41.3773
69,-8.5005,41.3814,-8.5005,41.3814
70,-8.4976,41.3850,-8.4976,41.3850
71,-8.4951,41.3886,-8.4951,41.3886
72,-8.4954,41.3927,-8.4954,41.3927
73,-8.4962,41.3970,-8.4962,41.3970
74,-8.4947,41.4013,-8.4947,41.4013
75,-8.4931,41.4052,-8.4931,41.4052
76,-8.4951,41.4090,-8.4951,41.4090
77,-8.4953,41.4130,-8.4953,41.4130
78,-8.4937,41.4168,-8.4937,41.4168
79,-8.4936,41.4205,-8.4936,41.4205
80,-8.4946,41.4237,-8.4946,41.4237
81,-8.4966,41.4270,-8.4966,41.4270
82,-8.4977,41.4307,-8.4977,41.4307
83,-8.4970,41.4343,-8.4970,41.4343
84,-8.4947,41.4380,-8.4947,41.4380
85,-8.4930,41.4422,-8.4930,41.4422
86,-8.4929,41.4463,-8.4929,41.4463
87,-8.4904,41.4497,-8.4904,41.4497
88,-8.4888,41.4534,-8.4888,41.4534
89,-8.4846,41.4562,-8.4846,41.4562
90,-8.4799,41.4588,-8.4799,41.4588
91,-8.4763,41.4625,-8.4763,41.4625
92,-8.4718,41.4648,-8.4718,41.4648
93,-8.4698,41.4680,-8.4698,41.4680
94,-8.4672,41.4709,-8.4672,41.4709
95,-8.4634,41.4740,-8.4634,41.4740
96,-8.4594,41.4768,-8.4594,41.4768
97,-8.4593,41.4808,-8.4593,41.4808
98,-8.4634,41.4834,-8.4634,41.4834
99,-8.4664,41.4867,-8.4664,41.4867
100,-8.4650,41.4907,-8.4650,41.4907
101,-8.4655,41.4945,-8.4655,41.4945
102,-8.4691,41.4974,-8.4691,41.4974
103,-8.4717,41.5012,-8.4717,41.5012
104,-8.4721,41.5051,-8.4721,41.5051
105,-8.4701,41.5065,-8.4701,41.5065
106,-8.4672,41.5073,-8.4672,41.5073
107,-8.4642,41.5079,-8.4642,41.5079
108,-8.4617,41.5078,-8.4617,41.5078
109,-8.4577,41.5076,-8.4577,41.5076
110,-8.4535,41.5076,-8.4535,41.5076
111,-8.4495,41.5080,-8.4495,41.5080
112,-8.4459,41.5076,-8.4459,41.5076
113,-8.4445,41.5102,-8.4445,41.5102
114,-8.4446,41.5133,-8.4446,41.5133
115,-8.4445,41.5166,-8.4445,41.5166
116,-8.4455,41.5203,-8.4455,41.5203
117,-8.4464,41.5238,-8.4464,41.5238
118,-8.4445,41.5267,-8.4445,41.5267
119,-8.4430,41.5299,-8.4430,41.5299
120,-8.4444,41.5328,-8.4444,41.5328
121,-8.4460,41.5357,-8.4460,41.5357
122,-8.4435,41.5387,-8.4435,41.5387
123,-8.4410,41.5415,-8.4410,41.5415
124,-8.4386,41.5440,-8.4386,41.5440
125,-8.4364,41.5467,-8.4364,41.5467
126,-8.6012,41.1959,-8.6012,41.1959
127,-8.6022,41.1951,-8.6022,41.1951
128,-8.4323,41.5510,-8.4323,41.5510
129,-8.4311,41.5526,-8.4311,41.5526
130,-8.4302,41.5529,-8.4302,41.5529
131,-8.4301,41.5532,-8.4301,41.5532
132,-8.4296,41.5535,-8.4296,41.5535
133,-8.4286,41.5538,-8.4286,41.5538
134,-8.4282,41.5534,-8.4282,41.5534
135,-8.4279,41.5525,-8.4279,41.5525
136,-8.4281,41.5520,-8.4281,41.5520
137,-8.4286,41.5518,-8.4286,41.5518
138,-8.4289,41.5516,-8.4289,41.5516
139,-8.4287,41.5509,-8.4287,41.5509
140,-8.4287,41.5504,-8.4287,41.5504
141,-8.4286,41.5503,-8.4286,41.5503
142,-8.4286,41.5503,-8.4286,41.5503
143,-8.4286,41.5503,-8.4286,41.5503
144,-8.4287,41.5503,-8.4287,41.5503
145,-8.4286,41.5503,-8.4286,41.5503
146,-8.4286,41.5504,-8.4286,41.5504
147,-8.4286,41.5503,-8.4286,41.5503
148,-8.4286,41.5503,-8.4286,41.5503
149,-8.4286,41.5503,-8.4286,41.5503
150,-8.4286,41.5502,-8.4286,41.5502
151,-8.4285,41.5502,-8.4285,41.5502
152,-8.4285,41.5501,-8.4285,41.5501
153,-8.4286,41.5502,-8.4286,41.5502
154,-8.4287,41.5502,-8.4287,41.5502
155,-8.4287,41.5502,-8.4287,41.5502
156,-8.4286,41.5502,-8.4286,41.5502
157,-8.4285,41.5502,-8.4285,41.5502
158,-8.4286,41.5502,-8.4286,41.5502
159,-8.4286,41.5502,-8.4286,41.5502
160,-8.4286,41.5502,-8.4286,41.5502
161,-8.4286,41.5502,-8.4286,41.5502
162,-8.4286,41.5502,-8.4286,41.5502
163,-8.4287,41.5503,-8.4287,41.5503
164,-8.4287,41.5503,-8.4287,41.5503
165,-8.4288,41.5502,-8.4288,41.5502
166,-8.4287,41.5503,-8.4287,41.5503
167,-8.4287,41.5503,-8.4287,41.5503
168,-8.4286,41.5503,-8.4286,41.5503
169,-8.4286,41.5502,-8.4286,41.5502
170,-8.4244,41.5455,-8.4244,41.5455
171,-8.4243,41.5456,-8.4243,41.5456
172,-8.4243,41.5456,-8.4243,41.5456
173,-8.4243,41.5453,-8.4243,41.5453
174,-8.4243,41.5453,-8.4243,41.5453
175,-8.4243,41.5453,-8.4243,41.5453
176,-8.4243,41.5453,-8.4243,41.5453
177,-8.4243,41.5453,-8.4243,41.5453
178,-8.4243,41.5452,-8.4243,41.5452
179,-8.4243,41.5451,-8.4243,41.5451
180,-8.4242,41.5449,-8.4242,41.5449
181,-8.4258,41.5446,-8.4258,41.5446
182,-8.4277,41.5440,-8.4277,41.5440
183,-8.4284,41.5444,-8.4284,41.5444
184,-8.4282,41.5453,-8.4282,41.5453
185,-8.4279,41.5463,-8.4279,41.5463
186,-8.4292,41.5464,-8.4292,41.5464
187,-8.4296,41.5473,-8.4296,41.5473
188,-8.4294,41.5486,-8.4294,41.5486
189,-8.4294,41.5495,-8.4294,41.5495
190,-8.4297,41.5500,-8.4297,41.5500
191,-8.4295,41.5510,-8.4295,41.5510
192,-8.4293,41.5512,-8.4293,41.5512
193,-8.4292,41.5513,-8.4292,41.5513
194,-8.4288,41.5513,-8.4288,41.5513
195,-8.4285,41.5506,-8.4285,41.5506
196,-8.4286,41.5501,-8.4286,41.5501
197,-8.4286,41.5501,-8.4286,41.5501
198,-8.4285,41.5501,-8.4285,41.5501
199,-8.4285,41.5501,-8.4285,41.5501
200,-8.4285,41.5501,-8.4285,41.5501
201,-8.4285,41.5502,-8.4285,41.5502
202,-8.4284,41.5501,-8.4284,41.5501
203,-8.4285,41.5502,-8.4285,41.5502
204,-8.4285,41.5502,-8.4285,41.5502
205,-8.4285,41.5501,-8.4285,41.5501
206,-8.4285,41.5501,-8.4285,41.5501
207,-8.4285,41.5501,-8.4285,41.5501
208,-8.4286,41.5501,-8.4286,41.5501
209,-8.4286,41.5500,-8.4286,41.5500
210,-8.4285,41.5500,-8.4285,41.5500
211,-8.4285,41.5501,-8.4285,41.5501
212,-8.4285,41.5500,-8.4285,41.5500
213,-8.4285,41.5501,-8.4285,41.5501
214,-8.4285,41.5501,-8.4285,41.5501
215,-8.4286,41.5501,-8.4286,41.5501
216,-8.4286,41.5501,-8.4286,41.5501
217,-8.4285,41.5501,-8.4285,41.5501
218,-8.4286,41.5501,-8.4286,41.5501
219,-8.4286,41.5501,-8.4286,41.5501
220,-8.4286,41.5501,-8.4286,41.5501
221,-8.4285,41.5501,-8.4285,41.5501
222,-8.4285,41.5501,-8.4285,41.5501
223,-8.4285,41.5500,-8.4285,41.5500
224,-8.4285,41.5500,-8.4285,41.5500
225,-8.4285,41.5501,-8.4285,41.5501
226,-8.4285,41.5501,-8.4285,41.5501
227,-8.4285,41.5501,-8.4285,41.5501
228,-8.4285,41.5501,-8.4285,41.5501
229,-8.4285,41.5501,-8.4285,41.5501
230,-8.4285,41.5501,-8.4285,41.5501
231,-8.4285,41.5501,-8.4285,41.5501
232,-8.4285,41.5501,-8.4285,41.5501
233,-8.4285,41.5501,-8.4285,41.5501
234,-8.4285,41.5501,-8.4285,41.5501
235,-8.4285,41.5500,-8.4285,41.5500
236,-8.4285,41.5500,-8.4285,41.5500
237,-8.4285,41.5500,-8.4285,41.5500
238,-8.4285,41.5505,-8.4285,41.5505
239,-8.4284,41.5500,-8.4284,41.5500
240,-8.4285,41.5501,-8.4285,41.5501
241,-8.4285,41.5501,-8.4285,41.5501
242,-8.4285,41.5502,-8.4285,41.5502
243,-8.4285,41.5502,-8.4285,41.5502
244,-8.4285,41.5502,-8.4285,41.5502
245,-8.4285,41.5500,-8.4285,41.5500
246,-8.4285,41.5501,-8.4285,41.5501
247,-8.4284,41.5501,-8.4284,41.5501
248,-8.4284,41.5501,-8.4284,41.5501
249,-8.4285,41.5502,-8.4285,41.5502
250,-8.4285,41.5502,-8.4285,41.5502
251,-8.4286,41.5502,-8.4286,41.5502
252,-8.4286,41.5502,-8.4286,41.5502
253,-8.4286,41.5502,-8.4286,41.5502
254,-8.4286,41.5502,-8.4286,41.5502
255,-8.4286,41.5503,-8.4286,41.5503
256,-8.4286,41.5503,-8.4286,41.5503
257,-8.4285,41.5503,-8.4285,41.5503
258,-8.4286,41.5501,-8.4286,41.5501
259,-8.4286,41.5503,-8.4286,41.5503
260,-8.4286,41.5503,-8.4286,41.5503
261,-8.4286,41.5503,-8.4286,41.5503
262,-8.4285,41.5502,-8.4285,41.5502
263,-8.4286,41.5502,-8.4286,41.5502
264,-8.4285,41.5503,-8.4285,41.5503
265,-8.4285,41.5503,-8.4285,41.5503
266,-8.4285,41.5503,-8.4285,41.5503
267,-8.4286,41.5504,-8.4286,41.5504
268,-8.4286,41.5501,-8.4286,41.5501
269,-8.4286,41.5502,-8.4286,41.5502
270,-8.4287,41.5503,-8.4287,41.5503
271,-8.4286,41.5503,-8.4286,41.5503
272,-8.4286,41.5502,-8.4286,41.5502
273,-8.4286,41.5502,-8.4286,41.5502
274,-8.4286,41.5503,-8.4286,41.5503
275,-8.4286,41.5503,-8.4286,41.5503
276,-8.4286,41.5503,-8.4286,41.5503
277,-8.4287,41.5502,-8.4287,41.5502
278,-8.4287,41.5502,-8.4287,41.5502
279,-8.4286,41.5501,-8.4286,41.5501
280,-8.4286,41.5501,-8.4286,41.5501
281,-8.4286,41.5501,-8.4286,41.5501
282,-8.4285,41.5501,-8.4285,41.5501
283,-8.4285,41.5501,-8.4285,41.5501
284,-8.4287,41.5502,-8.4287,41.5502
285,-8.4287,41.5502,-8.4287,41.5502
286,-8.4287,41.5502,-8.4287,41.5502
287,-8.4286,41.5502,-8.4286,41.5502
288,-8.4286,41.5502,-8.4286,41.5502
289,-8.4286,41.5502,-8.4286,41.5502
290,-8.4285,41.5501,-8.4285,41.5501
291,-8.4285,41.5501,-8.4285,41.5501
292,-8.4286,41.5501,-8.4286,41.5501
293,-8.4286,41.5501,-8.4286,41.5501
294,-8.4286,41.5501,-8.4286,41.5501
295,-8.4285,41.5501,-8.4285,41.5501
296,-8.4284,41.5477,-8.4284,41.5477
297,-8.4283,41.5470,-8.4283,41.5470
298,-8.4279,41.5460,-8.4279,41.5460
299,-8.4284,41.5451,-8.4284,41.5451
300,-8.4285,41.5444,-8.4285,41.5444
301,-8.4282,41.5439,-8.4282,41.5439
302,-8.4283,41.5438,-8.4283,41.5438
303,-8.4295,41.5432,-8.4295,41.5432
304,-8.4314,41.5423,-8.4314,41.5423
305,-8.4330,41.5403,-8.4330,41.5403
306,-8.4334,41.5396,-8.4334,41.5396
307,-8.4336,41.5396,-8.4336,41.5396
308,-8.4337,41.5391,-8.4337,41.5391
309,-8.4346,41.5381,-8.4346,41.5381
310,-8.4357,41.5367,-8.4357,41.5367
311,-8.4368,41.5355,-8.4368,41.5355
312,-8.4371,41.5352,-8.4371,41.5352
313,-8.4374,41.5349,-8.4374,41.5349
314,-8.4382,41.5338,-8.4382,41.5338
315,-8.4399,41.5318,-8.4399,41.5318
316,-8.4421,41.5303,-8.4421,41.5303
317,-8.4452,41.5296,-8.4452,41.5296
318,-8.4475,41.5285,-8.4475,41.5285
319,-8.4482,41.5262,-8.4482,41.5262
320,-8.4485,41.5245,-8.4485,41.5245
321,-8.4495,41.5221,-8.4495,41.5221
322,-8.4500,41.5198,-8.4500,41.5198
323,-8.4492,41.5177,-8.4492,41.5177
324,-8.4492,41.5172,-8.4492,41.5172
325,-8.4492,41.5170,-8.4492,41.5170
326,-8.4491,41.5169,-8.4491,41.5169
327,-8.4475,41.5169,-8.4475,41.5169
328,-8.4449,41.5178,-8.4449,41.5178
329,-8.4426,41.5181,-8.4426,41.5181
330,-8.4436,41.5164,-8.4436,41.5164
331,-8.4457,41.5165,-8.4457,41.5165
332,-8.4449,41.5155,-8.4449,41.5155
333,-8.4447,41.5127,-8.4447,41.5127
334,-8.4449,41.5095,-8.4449,41.5095
335,-8.4472,41.5072,-8.4472,41.5072
336,-8.4514,41.5079,-8.4514,41.5079
337,-8.4562,41.5076,-8.4562,41.5076
338,-8.4588,41.5077,-8.4588,41.5077
339,-8.4631,41.5079,-8.4631,41.5079
340,-8.4662,41.5080,-8.4662,41.5080
341,-8.4687,41.5064,-8.4687,41.5064
342,-8.4719,41.5071,-8.4719,41.5071
343,-8.4726,41.5064,-8.4726,41.5064
344,-8.4724,41.5026,-8.4724,41.5026
345,-8.4709,41.4987,-8.4709,41.4987
346,-8.4675,41.4956,-8.4675,41.4956
347,-8.4647,41.4924,-8.4647,41.4924
348,-8.4662,41.4888,-8.4662,41.4888
349,-8.4656,41.4848,-8.4656,41.4848
350,-8.4613,41.4821,-8.4613,41.4821
351,-8.4589,41.4786,-8.4589,41.4786
352,-8.4613,41.4753,-8.4613,41.4753
353,-8.4651,41.4727,-8.4651,41.4727
354,-8.4686,41.4702,-8.4686,41.4702
355,-8.4704,41.4669,-8.4704,41.4669
356,-8.4731,41.4637,-8.4731,41.4637
357,-8.4776,41.4609,-8.4776,41.4609
358,-8.4815,41.4575,-8.4815,41.4575
359,-8.4862,41.4553,-8.4862,41.4553
360,-8.4897,41.4520,-8.4897,41.4520
361,-8.4918,41.4479,-8.4918,41.4479
362,-8.4931,41.4441,-8.4931,41.4441
363,-8.4939,41.4400,-8.4939,41.4400
364,-8.4962,41.4359,-8.4962,41.4359
365,-8.4979,41.4314,-8.4979,41.4314
366,-8.6000,41.1877,-8.6000,41.1877
367,-8.5973,41.1872,-8.5973,41.1872
368,-8.5972,41.1870,-8.5972,41.1870
369,-8.5973,41.1875,-8.5973,41.1875
370,-8.5972,41.1875,-8.5972,41.1875
371,-8.5972,41.1875,-8.5972,41.1875
372,-8.5973,41.1876,-8.5973,41.1876
373,-8.5973,41.1876,-8.5973,41.1876
374,-8.5973,41.1876,-8.5973,41.1876
375,-8.5973,41.1877,-8.5973,41.1877
376,-8.5973,41.1877,-8.5973,41.1877
377,-8.5973,41.1877,-8.5973,41.1877
378,-8.5973,41.1877,-8.5973,41.1877
379,-8.5973,41.1877,-8.5973,41.1877
380,-8.5973,41.1877,-8.5973,41.1877
381,-8.5973,41.1877,-8.5973,41.1877
382,-8.5973,41.1877,-8.5973,41.1877
383,-8.5973,41.1877,-8.5973,41.1877
384,-8.5972,41.1877,-8.5972,41.1877
385,-8.5972,41.1877,-8.5972,41.1877
386,-8.5972,41.1877,-8.5972,41.1877
387,-8.5972,41.1877,-8.5972,41.1877
388,-8.5972,41.1876,-8.5972,41.1876
389,-8.5972,41.1876,-8.5972,41.1876
390,-8.5972,41.1877,-8.5972,41.1877
391,-8.5972,41.1877,-8.5972,41.1877
392,-8.5972,41.1877,-8.5972,41.1877
393,-8.5972,41.1876,-8.5972,41.1876
394,-8.5972,41.1876,-8.5972,41.1876
395,-8.5972,41.1877,-8.5972,41.1877
396,-8.5973,41.1877,-8.5973,41.1877
397,-8.5973,41.1877,-8.5973,41.1877
398,-8.5972,41.1877,-8.5972,41.1877
399,-8.5972,41.1876,-8.5972,41.1876
400,-8.5972,41.1877,-8.5972,41.1877
401,-8.5972,41.1877,-8.5972,41.1877
402,-8.5973,41.1877,-8.5973,41.1877
403,-8.5972,41.1877,-8.5972,41.1877
404,-8.5972,41.1877,-8.5972,41.1877
405,-8.5972,41.1877,-8.5972,41.1877
406,-8.5972,41.1877,-8.5972,41.1877
407,-8.5972,41.1877,-8.5972,41.1877
408,-8.5972,41.1877,-8.5972,41.1877
409,-8.5972,41.1877,-8.5972,41.1877
410,-8.5973,41.1877,-8.5973,41.1877
411,-8.5973,41.1877,-8.5973,41.1877
412,-8.5973,41.1877,-8.5973,41.1877
413,-8.5974,41.1877,-8.5974,41.1877
414,-8.5974,41.1879,-8.5974,41.1879
415,-8.5974,41.1879,-8.5974,41.1879
416,-8.5974,41.1878,-8.5974,41.1878
417,-8.5974,41.1878,-8.5974,41.1878
418,-8.5974,41.1878,-8.5974,41.1878
419,-8.5974,41.1878,-8.5974,41.1878
420,-8.5975,41.1877,-8.5975,41.1877
421,-8.5975,41.1876,-8.5975,41.1876
422,-8.5974,41.1877,-8.5974,41.1877
423,-8.5974,41.1879,-8.5974,41.1879
424,-8.5974,41.1878,-8.5974,41.1878
425,-8.5974,41.1878,-8.5974,41.1878
426,-8.5974,41.1879,-8.5974,41.1879
427,-8.5974,41.1879,-8.5974,41.1879
428,-8.5974,41.1878,-8.5974,41.1878
429,-8.5974,41.1878,-8.5974,41.1878
430,-8.5974,41.1879,-8.5974,41.1879
431,-8.5974,41.1878,-8.5974,41.1878
432,-8.5974,41.1877,-8.5974,41.1877
433,-8.5974,41.1878,-8.5974,41.1878
434,-8.5974,41.1879,-8.5974,41.1879
435,-8.5979,41.1877,-8.5979,41.1877
436,-8.5973,41.1875,-8.5973,41.1875
437,-8.5968,41.1871,-8.5968,41.1871
438,-8.5950,41.1868,-8.5950,41.1868
439,-8.5950,41.1853,-8.5950,41.1853
440,-8.5931,41.1853,-8.5931,41.1853
441,-8.5921,41.1847,-8.5921,41.1847
442,-8.5910,41.1839,-8.5910,41.1839
443,-8.5906,41.1829,-8.5906,41.1829
444,-8.5909,41.1817,-8.5909,41.1817
445,-8.5899,41.1804,-8.5899,41.1804
446,-8.5896,41.1801,-8.5896,41.1801
447,-8.5896,41.1801,-8.5896,41.1801
448,-8.5897,41.1800,-8.5897,41.1800
449,-8.5896,41.1801,-8.5896,41.1801
450,-8.5899,41.1799,-8.5899,41.1799
451,-8.5919,41.1807,-8.5919,41.1807
452,-8.5931,41.1827,-8.5931,41.1827
453,-8.5939,41.1851,-8.5939,41.1851
454,-8.5947,41.1880,-8.5947,41.1880
455,-8.5933,41.1910,-8.5933,41.1910
456,-8.5911,41.1942,-8.5911,41.1942
457,-8.5883,41.1975,-8.5883,41.1975
458,-8.5854,41.2009,-8.5854,41.2009
459,-8.5831,41.2049,-8.5831,41.2049
460,-8.5811,41.2092,-8.5811,41.2092
461,-8.5776,41.2131,-8.5776,41.2131
462,-8.5753,41.2173,-8.5753,41.2173
463,-8.5740,41.2219,-8.5740,41.2219
464,-8.5721,41.2259,-8.5721,41.2259
465,-8.5697,41.2299,-8.5697,41.2299
466,-8.5663,41.2334,-8.5663,41.2334
467,-8.5644,41.2375,-8.5644,41.2375
468,-8.5643,41.2417,-8.5643,41.2417
469,-8.5656,41.2451,-8.5656,41.2451
470,-8.5673,41.2483,-8.5673,41.2483
471,-8.5684,41.2520,-8.5684,41.2520
472,-8.5678,41.2561,-8.5678,41.2561
473,-8.5657,41.2603,-8.5657,41.2603
474,-8.5634,41.2644,-8.5634,41.2644
475,-8.5611,41.2684,-8.5611,41.2684
476,-8.5597,41.2726,-8.5597,41.2726
477,-8.5608,41.2769,-8.5608,41.2769
478,-8.5609,41.2810,-8.5609,41.2810
479,-8.5587,41.2848,-8.5587,41.2848
480,-8.5542,41.2877,-8.5542,41.2877
481,-8.5493,41.2902,-8.5493,41.2902
482,-8.5442,41.2927,-8.5442,41.2927
483,-8.5399,41.2955,-8.5399,41.2955
484,-8.5382,41.2994,-8.5382,41.2994
485,-8.5364,41.3032,-8.5364,41.3032
486,-8.5316,41.3048,-8.5316,41.3048
487,-8.5276,41.3074,-8.5276,41.3074
488,-8.5253,41.3113,-8.5253,41.3113
489,-8.5208,41.3135,-8.5208,41.3135
490,-8.5168,41.3161,-8.5168,41.3161
491,-8.5160,41.3202,-8.5160,41.3202
492,-8.5177,41.3245,-8.5177,41.3245
493,-8.5165,41.3290,-8.5165,41.3290
494,-8.5125,41.3325,-8.5125,41.3325
495,-8.5087,41.3362,-8.5087,41.3362
496,-8.5071,41.3405,-8.5071,41.3405
497,-8.5055,41.3447,-8.5055,41.3447
498,-8.5064,41.3489,-8.5064,41.3489
499,-8.5067,41.3533,-8.5067,41.3533
500,-8.5036,41.3568,-8.5036,41.3568
501,-8.5003,41.3603,-8.5003,41.3603
502,-8.5002,41.3643,-8.5002,41.3643
503,-8.5023,41.3682,-8.5023,41.3682
504,-8.5032,41.3723,-8.5032,41.3723
505,-8.5015,41.3761,-8.5015,41.3761
506,-8.5009,41.3802,-8.5009,41.3802
507,-8.4986,41.3840,-8.4986,41.3840
508,-8.4955,41.3876,-8.4955,41.3876
509,-8.4951,41.3918,-8.4951,41.3918
510,-8.4962,41.3960,-8.4962,41.3960
511,-8.4953,41.4003,-8.4953,41.4003
512,-8.4931,41.4044,-8.4931,41.4044
513,-8.4947,41.4085,-8.4947,41.4085
514,-8.4955,41.4127,-8.4955,41.4127
515,-8.4938,41.4168,-8.4938,41.4168
516,-8.4937,41.4212,-8.4937,41.4212
517,-8.4956,41.4254,-8.4956,41.4254
518,-8.4975,41.4293,-8.4975,41.4293
519,-8.4973,41.4334,-8.4973,41.4334
520,-8.4954,41.4371,-8.4954,41.4371
521,-8.4935,41.4409,-8.4935,41.4409
522,-8.4929,41.4449,-8.4929,41.4449
523,-8.4914,41.4484,-8.4914,41.4484
524,-8.4896,41.4521,-8.4896,41.4521
525,-8.4865,41.4553,-8.4865,41.4553
526,-8.4815,41.4575,-8.4815,41.4575
527,-8.4779,41.4608,-8.4779,41.4608
528,-8.4735,41.4634,-8.4735,41.4634
529,-8.4701,41.4663,-8.4701,41.4663
530,-8.4686,41.4698,-8.4686,41.4698
531,-8.4647,41.4729,-8.4647,41.4729
532,-8.4608,41.4757,-8.4608,41.4757
533,-8.4588,41.4790,-8.4588,41.4790
534,-8.4611,41.4823,-8.4611,41.4823
535,-8.4651,41.4845,-8.4651,41.4845
536,-8.4663,41.4883,-8.4663,41.4883
537,-8.4646,41.4923,-8.4646,41.4923
538,-8.4672,41.4958,-8.4672,41.4958
539,-8.4706,41.4990,-8.4706,41.4990
540,-8.4722,41.5032,-8.4722,41.5032
541,-8.4713,41.5063,-8.4713,41.5063
542,-8.4680,41.5065,-8.4680,41.5065
543,-8.4649,41.5079,-8.4649,41.5079
544,-8.4630,41.5079,-8.4630,41.5079
545,-8.4590,41.5077,-8.4590,41.5077
546,-8.4535,41.5076,-8.4535,41.5076
547,-8.4485,41.5078,-8.4485,41.5078
548,-8.4451,41.5082,-8.4451,41.5082
549,-8.4443,41.5115,-8.4443,41.5115
550,-8.4447,41.5148,-8.4447,41.5148
551,-8.4446,41.5177,-8.4446,41.5177
552,-8.4458,41.5212,-8.4458,41.5212
553,-8.4460,41.5244,-8.4460,41.5244
554,-8.4442,41.5271,-8.4442,41.5271
555,-8.4429,41.5302,-8.4429,41.5302
556,-8.4446,41.5328,-8.4446,41.5328
557,-8.4459,41.5360,-8.4459,41.5360
558,-8.4434,41.5388,-8.4434,41.5388
559,-8.4412,41.5411,-8.4412,41.5411
560,-8.4390,41.5440,-8.4390,41.5440
561,-8.4363,41.5470,-8.4363,41.5470
562,-8.4329,41.5508,-8.4329,41.5508
563,-8.4311,41.5527,-8.4311,41.5527
564,-8.4293,41.5551,-8.4293,41.5551
565,-8.4268,41.5570,-8.4268,41.5570
566,-8.4234,41.5580,-8.4234,41.5580
567,-8.4202,41.5600,-8.4202,41.5600
568,-8.4169,41.5616,-8.4169,41.5616
569,-8.4134,41.5620,-8.4134,41.5620
570,-8.4099,41.5624,-8.4099,41.5624
571,-8.4076,41.5615,-8.4076,41.5615
572,-8.4075,41.5589,-8.4075,41.5589
573,-8.4072,41.5563,-8.4072,41.5563
574,-8.4070,41.5542,-8.4070,41.5542
575,-8.4069,41.5530,-8.4069,41.5530
576,-8.4070,41.5527,-8.4070,41.5527
577,-8.4060,41.5528,-8.4060,41.5528
578,-8.4032,41.5540,-8.4032,41.5540
579,-8.4000,41.5554,-8.4000,41.5554
580,-8.3981,41.5561,-8.3981,41.5561
581,-8.3972,41.5564,-8.3972,41.5564
582,-8.3955,41.5572,-8.3955,41.5572
583,-8.3942,41.5579,-8.3942,41.5579
584,-8.3912,41.5588,-8.3912,41.5588
585,-8.3880,41.5599,-8.3880,41.5599
586,-8.3855,41.5614,-8.3855,41.5614
587,-8.3839,41.5627,-8.3839,41.5627
588,-8.3834,41.5625,-8.3834,41.5625
589,-8.3836,41.5623,-8.3836,41.5623
590,-8.3843,41.5617,-8.3843,41.5617
591,-8.3841,41.5618,-8.3841,41.5618
592,-8.3829,41.5628,-8.3829,41.5628
593,-8.3825,41.5623,-8.3825,41.5623
594,-8.3826,41.5610,-8.3826,41.5610
595,-8.3842,41.5601,-8.3842,41.5601
596,-8.3855,41.5598,-8.3855,41.5598
597,-8.3863,41.5589,-8.3863,41.5589
598,-8.3870,41.5577,-8.3870,41.5577
599,-8.3870,41.5571,-8.3870,41.5571
600,-8.3863,41.5576,-8.3863,41.5576
601,-8.3862,41.5577,-8.3862,41.5577
602,-8.3868,41.5573,-8.3868,41.5573
603,-8.3871,41.5571,-8.3871,41.5571
604,-8.3865,41.5575,-8.3865,41.5575
605,-8.3856,41.5574,-8.3856,41.5574
606,-8.3852,41.5570,-8.3852,41.5570
607,-8.3855,41.5562,-8.3855,41.5562
608,-8.3861,41.5560,-8.3861,41.5560
609,-8.3861,41.5558,-8.3861,41.5558
610,-8.3876,41.5556,-8.3876,41.5556
611,-8.3880,41.5555,-8.3880,41.5555
612,-8.3879,41.5554,-8.3879,41.5554
613,-8.3859,41.5556,-8.3859,41.5556
614,-8.3853,41.5537,-8.3853,41.5537
615,-8.3833,41.5533,-8.3833,41.5533
616,-8.3818,41.5525,-8.3818,41.5525
617,-8.3812,41.5516,-8.3812,41.5516
618,-8.3803,41.5528,-8.3803,41.5528
619,-8.3797,41.5535,-8.3797,41.5535
620,-8.3793,41.5524,-8.3793,41.5524
621,-8.3790,41.5523,-8.3790,41.5523
622,-8.3788,41.5539,-8.3788,41.5539
623,-8.3781,41.5555,-8.3781,41.5555
624,-8.3774,41.5572,-8.3774,41.5572
625,-8.3772,41.5584,-8.3772,41.5584
626,-8.3768,41.5573,-8.3768,41.5573
627,-8.3774,41.5568,-8.3774,41.5568
628,-8.3773,41.5565,-8.3773,41.5565
629,-8.3773,41.5559,-8.3773,41.5559
630,-8.3773,41.5556,-8.3773,41.5556
631,-8.3773,41.5556,-8.3773,41.5556
632,-8.3775,41.5554,-8.3775,41.5554
633,-8.3775,41.5554,-8.3775,41.5554
634,-8.3775,41.5554,-8.3775,41.5554
635,-8.3773,41.5555,-8.3773,41.5555
636,-8.3699,41.5415,-8.3699,41.5415
637,-8.3694,41.5408,-8.3694,41.5408
638,-8.3694,41.5407,-8.3694,41.5407
639,-8.3695,41.5407,-8.3695,41.5407
640,-8.3694,41.5406,-8.3694,41.5406
641,-8.3694,41.5406,-8.3694,41.5406
642,-8.3694,41.5406,-8.3694,41.5406
643,-8.3694,41.5406,-8.3694,41.5406
644,-8.3694,41.5407,-8.3694,41.5407
645,-8.3694,41.5407,-8.3694,41.5407
646,-8.3693,41.5407,-8.3693,41.5407
647,-8.3693,41.5407,-8.3693,41.5407
648,-8.3693,41.5406,-8.3693,41.5406
649,-8.3694,41.5406,-8.3694,41.5406
650,-8.3693,41.5406,-8.3693,41.5406
651,-8.3693,41.5406,-8.3693,41.5406
652,-8.3693,41.5406,-8.3693,41.5406
653,-8.3694,41.5406,-8.3694,41.5406
654,-8.3694,41.5406,-8.3694,41.5406
655,-8.3694,41.5406,-8.3694,41.5406
656,-8.3694,41.5406,-8.3694,41.5406
657,-8.3693,41.5406,-8.3693,41.5406
658,-8.3694,41.5406,-8.3694,41.5406
659,-8.3693,41.5406,-8.3693,41.5406
660,-8.3694,41.5406,-8.3694,41.5406
661,-8.3694,41.5406,-8.3694,41.5406
662,-8.3694,41.5406,-8.3694,41.5406
663,-8.3694,41.5406,-8.3694,41.5406
664,-8.3694,41.5406,-8.3694,41.5406
665,-8.3694,41.5406,-8.3694,41.5406
666,-8.3694,41.5406,-8.3694,41.5406
667,-8.3694,41.5406,-8.3694,41.5406
668,-8.3694,41.5406,-8.3694,41.5406
669,-8.3694,41.5406,-8.3694,41.5406
670,-8.3694,41.5406,-8.3694,41.5406
671,-8.3694,41.5406,-8.3694,41.5406
672,-8.3694,41.5406,-8.3694,41.5406
673,-8.3694,41.5406,-8.3694,41.5406
674,-8.3694,41.5406,-8.3694,41.5406
675,-8.3694,41.5406,-8.3694,41.5406
676,-8.3694,41.5406,-8.3694,41.5406
677,-8.3694,41.5406,-8.3694,41.5406
678,-8.3694,41.5406,-8.3694,41.5406
679,-8.3694,41.5406,-8.3694,41.5406
680,-8.3694,41.5406,-8.3694,41.5406
681,-8.3694,41.5406,-8.3694,41.5406
682,-8.3694,41.5406,-8.3694,41.5406
683,-8.3694,41.5406,-8.3694,41.5406
684,-8.3693,41.5408,-8.3693,41.5408
685,-8.3692,41.5408,-8.3692,41.5408
686,-8.3692,41.5408,-8.3692,41.5408
687,-8.3692,41.5408,-8.3692,41.5408
688,-8.3694,41.5407,-8.3694,41.5407
689,-8.3694,41.5406,-8.3694,41.5406
690,-8.3694,41.5406,-8.3694,41.5406
691,-8.3694,41.5406,-8.3694,41.5406
692,-8.3694,41.5406,-8.3694,41.5406
693,-8.3694,41.5406,-8.3694,41.5406
694,-8.3694,41.5407,-8.3694,41.5407
695,-8.3694,41.5407,-8.3694,41.5407
696,-8.3694,41.5407,-8.3694,41.5407
697,-8.3694,41.5407,-8.3694,41.5407
698,-8.3693,41.5407,-8.3693,41.5407
699,-8.3693,41.5407,-8.3693,41.5407
700,-8.3693,41.5407,-8.3693,41.5407
701,-8.3694,41.5406,-8.3694,41.5406
702,-8.3694,41.5406,-8.3694,41.5406
703,-8.3694,41.5406,-8.3694,41.5406
704,-8.3694,41.5406,-8.3694,41.5406
705,-8.3694,41.5406,-8.3694,41.5406
706,-8.3694,41.5407,-8.3694,41.5407
707,-8.3694,41.5407,-8.3694,41.5407
708,-8.3694,41.5407,-8.3694,41.5407
709,-8.3694,41.5407,-8.3694,41.5407
710,-8.3694,41.5407,-8.3694,41.5407
711,-8.3693,41.5407,-8.3693,41.5407
712,-8.3693,41.5407,-8.3693,41.5407
713,-8.3694,41.5407,-8.3694,41.5407
714,-8.3694,41.5407,-8.3694,41.5407
715,-8.3694,41.5407,-8.3694,41.5407
716,-8.3693,41.5407,-8.3693,41.5407
717,-8.3694,41.5406,-8.3694,41.5406
718,-8.3694,41.5406,-8.3694,41.5406
719,-8.3694,41.5406,-8.3694,41.5406
720,-8.3694,41.5406,-8.3694,41.5406
721,-8.3694,41.5406,-8.3694,41.5406
722,-8.3694,41.5407,-8.3694,41.5407
723,-8.3694,41.5407,-8.3694,41.5407
724,-8.3694,41.5406,-8.3694,41.5406
725,-8.3694,41.5406,-8.3694,41.5406
726,-8.3694,41.5406,-8.3694,41.5406
727,-8.3694,41.5406,-8.3694,41.5406
728,-8.3694,41.5406,-8.3694,41.5406
729,-8.3694,41.5406,-8.3694,41.5406
730,-8.3694,41.5406,-8.3694,41.5406
731,-8.3694,41.5406,-8.3694,41.5406
732,-8.3694,41.5406,-8.3694,41.5406
733,-8.3694,41.5406,-8.3694,41.5406
734,-8.3694,41.5406,-8.3694,41.5406
735,-8.3694,41.5406,-8.3694,41.5406
736,-8.3694,41.5406,-8.3694,41.5406
737,-8.3693,41.5406,-8.3693,41.5406
738,-8.3694,41.5406,-8.3694,41.5406
739,-8.3694,41.5406,-8.3694,41.5406
740,-8.3694,41.5406,-8.3694,41.5406
741,-8.3694,41.5406,-8.3694,41.5406
742,-8.3694,41.5406,-8.3694,41.5406
743,-8.3694,41.5407,-8.3694,41.5407
744,-8.3694,41.5407,-8.3694,41.5407
745,-8.3694,41.5407,-8.3694,41.5407
746,-8.3694,41.5406,-8.3694,41.5406
747,-8.3694,41.5406,-8.3694,41.5406
748,-8.3694,41.5406,-8.3694,41.5406
749,-8.3694,41.5406,-8.3694,41.5406
750,-8.3694,41.5406,-8.3694,41.5406
751,-8.3694,41.5406,-8.3694,41.5406
752,-8.3694,41.5406,-8.3694,41.5406
753,-8.3694,41.5406,-8.3694,41.5406
754,-8.3694,41.5406,-8.3694,41.5406
755,-8.3694,41.5406,-8.3694,41.5406
756,-8.3694,41.5406,-8.3694,41.5406
757,-8.3694,41.5407,-8.3694,41.5407
758,-8.3694,41.5406,-8.3694,41.5406
759,-8.3694,41.5406,-8.3694,41.5406
760,-8.3694,41.5406,-8.3694,41.5406
761,-8.3694,41.5406,-8.3694,41.5406
762,-8.3694,41.5406,-8.3694,41.5406
763,-8.3694,41.5406,-8.3694,41.5406
764,-8.3694,41.5406,-8.3694,41.5406
765,-8.3694,41.5406,-8.3694,41.5406
766,-8.3694,41.5406,-8.3694,41.5406
767,-8.3694,41.5406,-8.3694,41.5406
768,-8.3694,41.5406,-8.3694,41.5406
769,-8.3694,41.5406,-8.3694,41.5406
770,-8.3694,41.5406,-8.3694,41.5406
771,-8.3694,41.5406,-8.3694,41.5406
772,-8.3694,41.5406,-8.3694,41.5406
773,-8.3694,41.5406,-8.3694,41.5406
774,-8.3694,41.5406,-8.3694,41.5406
775,-8.3694,41.5406,-8.3694,41.5406
776,-8.3694,41.5406,-8.3694,41.5406
777,-8.3694,41.5406,-8.3694,41.5406
778,-8.3694,41.5407,-8.3694,41.5407
779,-8.3694,41.5407,-8.3694,41.5407
780,-8.3694,41.5406,-8.3694,41.5406
781,-8.3694,41.5406,-8.3694,41.5406
782,-8.3694,41.5406,-8.3694,41.5406
783,-8.3694,41.5406,-8.3694,41.5406
784,-8.3694,41.5406,-8.3694,41.5406
785,-8.3694,41.5406,-8.3694,41.5406
786,-8.3694,41.5406,-8.3694,41.5406
787,-8.3694,41.5406,-8.3694,41.5406
788,-8.3694,41.5406,-8.3694,41.5406
789,-8.3694,41.5406,-8.3694,41.5406
790,-8.3694,41.5406,-8.3694,41.5406
791,-8.3694,41.5406,-8.3694,41.5406
792,-8.3694,41.5407,-8.3694,41.5407
793,-8.3694,41.5407,-8.3694,41.5407
794,-8.3694,41.5407,-8.3694,41.5407
795,-8.3694,41.5407,-8.3694,41.5407
796,-8.3694,41.5407,-8.3694,41.5407
797,-8.3694,41.5407,-8.3694,41.5407
798,-8.3694,41.5407,-8.3694,41.5407
799,-8.3694,41.5407,-8.3694,41.5407
800,-8.3694,41.5407,-8.3694,41.5407
801,-8.3694,41.5407,-8.3694,41.5407
802,-8.3694,41.5407,-8.3694,41.5407
803,-8.3694,41.5406,-8.3694,41.5406
804,-8.3694,41.5406,-8.3694,41.5406
805,-8.3694,41.5406,-8.3694,41.5406
806,-8.3694,41.5406,-8.3694,41.5406
807,-8.3694,41.5406,-8.3694,41.5406
808,-8.3694,41.5406,-8.3694,41.5406
809,-8.3694,41.5406,-8.3694,41.5406
810,-8.3694,41.5406,-8.3694,41.5406
811,-8.3694,41.5406,-8.3694,41.5406
812,-8.3694,41.5406,-8.3694,41.5406
813,-8.3694,41.5406,-8.3694,41.5406
814,-8.3694,41.5406,-8.3694,41.5406
815,-8.3694,41.5406,-8.3694,41.5406
816,-8.3694,41.5407,-8.3694,41.5407
817,-8.3694,41.5406,-8.3694,41.5406
818,-8.3694,41.5406,-8.3694,41.5406
819,-8.3694,41.5406,-8.3694,41.5406
820,-8.3694,41.5406,-8.3694,41.5406
821,-8.3694,41.5406,-8.3694,41.5406
822,-8.3694,41.5406,-8.3694,41.5406
823,-8.3694,41.5406,-8.3694,41.5406
824,-8.3694,41.5406,-8.3694,41.5406
825,-8.3694,41.5407,-8.3694,41.5407
826,-8.3693,41.5407,-8.3693,41.5407
827,-8.3694,41.5406,-8.3694,41.5406
828,-8.3694,41.5406,-8.3694,41.5406
829,-8.3695,41.5406,-8.3695,41.5406
830,-8.3694,41.5407,-8.3694,41.5407
831,-8.3694,41.5406,-8.3694,41.5406
832,-8.3694,41.5406,-8.3694,41.5406
833,-8.3694,41.5406,-8.3694,41.5406
834,-8.3694,41.5406,-8.3694,41.5406
835,-8.3694,41.5406,-8.3694,41.5406
836,-8.3694,41.5406,-8.3694,41.5406
837,-8.3694,41.5406,-8.3694,41.5406
838,-8.3695,41.5407,-8.3695,41.5407
839,-8.3695,41.5407,-8.3695,41.5407
840,-8.3693,41.5405,-8.3693,41.5405
841,-8.3688,41.5405,-8.3688,41.5405
842,-8.3681,41.5407,-8.3681,41.5407
843,-8.3684,41.5415,-8.3684,41.5415
844,-8.3691,41.5428,-8.3691,41.5428
845,-8.3702,41.5435,-8.3702,41.5435
846,-8.3717,41.5429,-8.3717,41.5429
847,-8.3728,41.5415,-8.3728,41.5415
848,-8.3733,41.5422,-8.3733,41.5422
849,-8.3732,41.5440,-8.3732,41.5440
850,-8.3737,41.5454,-8.3737,41.5454
851,-8.3751,41.5476,-8.3751,41.5476
852,-8.3757,41.5495,-8.3757,41.5495
853,-8.3753,41.5514,-8.3753,41.5514
854,-8.3749,41.5529,-8.3749,41.5529
855,-8.3739,41.5542,-8.3739,41.5542
856,-8.3747,41.5561,-8.3747,41.5561
857,-8.3764,41.5576,-8.3764,41.5576
858,-8.3776,41.5569,-8.3776,41.5569
859,-8.3769,41.5580,-8.3769,41.5580
860,-8.3774,41.5578,-8.3774,41.5578
861,-8.3785,41.5564,-8.3785,41.5564
862,-8.3789,41.5547,-8.3789,41.5547
863,-8.3793,41.5531,-8.3793,41.5531
864,-8.3796,41.5517,-8.3796,41.5517
865,-8.3800,41.5534,-8.3800,41.5534
866,-8.3812,41.5521,-8.3812,41.5521
867,-8.3830,41.5536,-8.3830,41.5536
868,-8.3852,41.5544,-8.3852,41.5544
869,-8.3861,41.5560,-8.3861,41.5560
870,-8.3883,41.5562,-8.3883,41.5562
871,-8.3901,41.5576,-8.3901,41.5576
872,-8.3930,41.5579,-8.3930,41.5579
873,-8.3945,41.5562,-8.3945,41.5562
874,-8.3968,41.5562,-8.3968,41.5562
875,-8.3977,41.5567,-8.3977,41.5567
876,-8.3995,41.5558,-8.3995,41.5558
877,-8.4020,41.5547,-8.4020,41.5547
878,-8.4046,41.5537,-8.4046,41.5537
879,-8.4063,41.5530,-8.4063,41.5530
880,-8.4068,41.5529,-8.4068,41.5529
881,-8.4081,41.5522,-8.4081,41.5522
882,-8.4098,41.5515,-8.4098,41.5515
883,-8.4112,41.5509,-8.4112,41.5509
884,-8.4115,41.5507,-8.4115,41.5507
885,-8.4124,41.5504,-8.4124,41.5504
886,-8.4142,41.5496,-8.4142,41.5496
887,-8.4151,41.5493,-8.4151,41.5493
888,-8.4151,41.5493,-8.4151,41.5493
889,-8.4151,41.5493,-8.4151,41.5493
890,-8.4151,41.5493,-8.4151,41.5493
891,-8.4151,41.5493,-8.4151,41.5493
892,-8.4152,41.5492,-8.4152,41.5492
893,-8.4157,41.5494,-8.4157,41.5494
894,-8.4165,41.5506,-8.4165,41.5506
895,-8.4173,41.5516,-8.4173,41.5516
896,-8.4183,41.5517,-8.4183,41.5517
897,-8.4198,41.5517,-8.4198,41.5517
898,-8.4201,41.5518,-8.4201,41.5518
899,-8.4201,41.5518,-8.4201,41.5518
900,-8.4211,41.5518,-8.4211,41.5518
901,-8.4229,41.5518,-8.4229,41.5518
902,-8.4231,41.5517,-8.4231,41.5517
903,-8.4231,41.5517,-8.4231,41.5517
904,-8.4231,41.5518,-8.4231,41.5518
905,-8.4232,41.5517,-8.4232,41.5517
906,-8.4235,41.5520,-8.4235,41.5520
907,-8.4235,41.5530,-8.4235,41.5530
908,-8.4235,41.5536,-8.4235,41.5536
909,-8.4236,41.5539,-8.4236,41.5539
910,-8.4242,41.5547,-8.4242,41.5547
911,-8.4245,41.5550,-8.4245,41.5550
912,-8.4245,41.5548,-8.4245,41.5548
913,-8.4250,41.5542,-8.4250,41.5542
914,-8.4254,41.5540,-8.4254,41.5540
915,-8.4255,41.5539,-8.4255,41.5539
916,-8.4256,41.5538,-8.4256,41.5538
917,-8.4252,41.5536,-8.4252,41.5536
918,-8.4251,41.5536,-8.4251,41.5536
919,-8.4250,41.5536,-8.4250,41.5536
920,-8.4241,41.5538,-8.4241,41.5538
921,-8.4238,41.5540,-8.4238,41.5540
922,-8.4246,41.5546,-8.4246,41.5546
923,-8.4256,41.5540,-8.4256,41.5540
924,-8.4267,41.5541,-8.4267,41.5541
925,-8.4278,41.5538,-8.4278,41.5538
926,-8.4282,41.5534,-8.4282,41.5534
927,-8.4277,41.5521,-8.4277,41.5521
928,-8.4289,41.5517,-8.4289,41.5517
929,-8.4289,41.5517,-8.4289,41.5517
930,-8.4292,41.5517,-8.4292,41.5517
931,-8.4305,41.5519,-8.4305,41.5519
932,-8.4313,41.5521,-8.4313,41.5521
933,-8.4314,41.5522,-8.4314,41.5522
934,-8.4313,41.5523,-8.4313,41.5523
935,-8.4306,41.5525,-8.4306,41.5525
936,-8.4297,41.5523,-8.4297,41.5523
937,-8.4294,41.5520,-8.4294,41.5520
938,-8.4292,41.5516,-8.4292,41.5516
939,-8.4289,41.5509,-8.4289,41.5509
940,-8.4288,41.5503,-8.4288,41.5503
941,-8.4286,41.5497,-8.4286,41.5497
942,-8.4286,41.5491,-8.4286,41.5491
943,-8.4285,41.5487,-8.4285,41.5487
944,-8.4284,41.5487,-8.4284,41.5487
945,-8.4284,41.5488,-8.4284,41.5488
946,-8.4284,41.5488,-8.4284,41.5488
947,-8.4302,41.5448,-8.4302,41.5448
948,-8.4302,41.5448,-8.4302,41.5448
949,-8.4302,41.5447,-8.4302,41.5447
950,-8.4302,41.5446,-8.4302,41.5446
951,-8.4302,41.5446,-8.4302,41.5446
952,-8.4302,41.5447,-8.4302,41.5447
953,-8.4302,41.5447,-8.4302,41.5447
954,-8.4302,41.5448,-8.4302,41.5448
955,-8.4302,41.5449,-8.4302,41.5449
956,-8.4302,41.5448,-8.4302,41.5448
957,-8.4302,41.5447,-8.4302,41.5447
958,-8.4302,41.5447,-8.4302,41.5447
959,-8.4302,41.5447,-8.4302,41.5447
960,-8.4302,41.5447,-8.4302,41.5447
961,-8.4301,41.5447,-8.4301,41.5447
962,-8.4302,41.5446,-8.4302,41.5446
963,-8.4302,41.5447,-8.4302,41.5447
964,-8.4291,41.5447,-8.4291,41.5447
965,-8.4291,41.5446,-8.4291,41.5446
966,-8.4291,41.5446,-8.4291,41.5446
967,-8.4291,41.5447,-8.4291,41.5447
968,-8.4290,41.5447,-8.4290,41.5447
969,-8.4290,41.5445,-8.4290,41.5445
970,-8.4291,41.5447,-8.4291,41.5447
971,-8.4290,41.5447,-8.4290,41.5447
972,-8.4290,41.5447,-8.4290,41.5447
973,-8.4290,41.5447,-8.4290,41.5447
974,-8.4290,41.5447,-8.4290,41.5447
975,-8.4290,41.5447,-8.4290,41.5447
976,-8.4290,41.5447,-8.4290,41.5447
977,-8.4290,41.5447,-8.4290,41.5447
978,-8.4290,41.5447,-8.4290,41.5447
979,-8.4290,41.5447,-8.4290,41.5447
980,-8.4290,41.5447,-8.4290,41.5447
981,-8.4290,41.5447,-8.4290,41.5447
982,-8.4291,41.5447,-8.4291,41.5447
983,-8.4291,41.5447,-8.4291,41.5447
984,-8.4291,41.5447,-8.4291,41.5447
985,-8.4291,41.5447,-8.4291,41.5447
986,-8.4291,41.5447,-8.4291,41.5447
987,-8.4291,41.5447,-8.4291,41.5447
988,-8.4291,41.5447,-8.4291,41.5447
989,-8.4290,41.5447,-8.4290,41.5447
990,-8.4290,41.5447,-8.4290,41.5447
991,-8.4290,41.5447,-8.4290,41.5447
992,-8.4291,41.5447,-8.4291,41.5447
993,-8.4290,41.5447,-8.4290,41.5447
994,-8.4290,41.5447,-8.4290,41.5447
995,-8.4290,41.5447,-8.4290,41.5447
996,-8.4290,41.5447,-8.4290,41.5447
997,-8.4290,41.5447,-8.4290,41.5447
998,-8.4290,41.5447,-8.4290,41.5447
999,-8.4290,41.5447,-8.4290,41.5447
1000,-8.4290,41.5447,-8.4290,41.5447
1001,-8.4290,41.5447,-8.4290,41.5447
1002,-8.4291,41.5447,-8.4291,41.5447
1003,-8.4291,41.5447,-8.4291,41.5447
1004,-8.4291,41.5447,-8.4291,41.5447
1005,-8.4290,41.5447,-8.4290,41.5447
1006,-8.4290,41.5447,-8.4290,41.5447
1007,-8.4290,41.5447,-8.4290,41.5447
1008,-8.4290,41.5447,-8.4290,41.5447
1009,-8.4291,41.5447,-8.4291,41.5447
1010,-8.4290,41.5447,-8.4290,41.5447
1011,-8.4291,41.5447,-8.4291,41.5447
1012,-8.4290,41.5447,-8.4290,41.5447
1013,-8.4290,41.5447,-8.4290,41.5447
1014,-8.4290,41.5447,-8.4290,41.5447
1015,-8.4290,41.5447,-8.4290,41.5447
1016,-8.4290,41.5447,-8.4290,41.5447
1017,-8.4290,41.5447,-8.4290,41.5447
1018,-8.4290,41.5447,-8.4290,41.5447
1019,-8.4290,41.5447,-8.4290,41.5447
1020,-8.4291,41.5447,-8.4291,41.5447
1021,-8.4291,41.5447,-8.4291,41.5447
1022,-8.4291,41.5447,-8.4291,41.5447
1023,-8.4291,41.5447,-8.4291,41.5447
1024,-8.4291,41.5447,-8.4291,41.5447
1025,-8.4290,41.5447,-8.4290,41.5447
1026,-8.4286,41.5447,-8.4286,41.5447
1027,-8.4280,41.5455,-8.4280,41.5455
1028,-8.4281,41.5464,-8.4281,41.5464
1029,-8.4292,41.5465,-8.4292,41.5465
1030,-8.4296,41.5474,-8.4296,41.5474
1031,-8.4297,41.5475,-8.4297,41.5475
1032,-8.4293,41.5487,-8.4293,41.5487
1033,-8.4296,41.5499,-8.4296,41.5499
1034,-8.4296,41.5502,-8.4296,41.5502
1035,-8.4295,41.5510,-8.4295,41.5510
1036,-8.4287,41.5508,-8.4287,41.5508
1037,-8.4286,41.5501,-8.4286,41.5501
1038,-8.4285,41.5502,-8.4285,41.5502
1039,-8.4285,41.5502,-8.4285,41.5502
1040,-8.4286,41.5501,-8.4286,41.5501
1041,-8.4284,41.5504,-8.4284,41.5504
1042,-8.4284,41.5503,-8.4284,41.5503
1043,-8.4285,41.5502,-8.4285,41.5502
1044,-8.4285,41.5502,-8.4285,41.5502
1045,-8.4286,41.5499,-8.4286,41.5499
1046,-8.4287,41.5500,-8.4287,41.5500
1047,-8.4286,41.5501,-8.4286,41.5501
1048,-8.4286,41.5500,-8.4286,41.5500
1049,-8.4285,41.5501,-8.4285,41.5501
1050,-8.4286,41.5502,-8.4286,41.5502
1051,-8.4286,41.5502,-8.4286,41.5502
1052,-8.4286,41.5502,-8.4286,41.5502
1053,-8.4286,41.5502,-8.4286,41.5502
1054,-8.4286,41.5502,-8.4286,41.5502
1055,-8.4286,41.5502,-8.4286,41.5502
1056,-8.4286,41.5502,-8.4286,41.5502
1057,-8.4286,41.5501,-8.4286,41.5501
1058,-8.4286,41.5501,-8.4286,41.5501
1059,-8.4286,41.5502,-8.4286,41.5502
1060,-8.4286,41.5501,-8.4286,41.5501
1061,-8.4286,41.5501,-8.4286,41.5501
1062,-8.4286,41.5501,-8.4286,41.5501
1063,-8.4286,41.5501,-8.4286,41.5501
1064,-8.4286,41.5501,-8.4286,41.5501
1065,-8.4286,41.5502,-8.4286,41.5502
1066,-8.4286,41.5502,-8.4286,41.5502
1067,-8.4286,41.5502,-8.4286,41.5502
1068,-8.4286,41.5501,-8.4286,41.5501
1069,-8.4286,41.5501,-8.4286,41.5501
1070,-8.4287,41.5500,-8.4287,41.5500
1071,-8.4285,41.5501,-8.4285,41.5501
1072,-8.4285,41.5501,-8.4285,41.5501
1073,-8.4285,41.5501,-8.4285,41.5501
1074,-8.4286,41.5500,-8.4286,41.5500
1075,-8.4286,41.5501,-8.4286,41.5501
1076,-8.4285,41.5501,-8.4285,41.5501
1077,-8.4285,41.5501,-8.4285,41.5501
1078,-8.4285,41.5501,-8.4285,41.5501
1079,-8.4285,41.5501,-8.4285,41.5501
1080,-8.4286,41.5500,-8.4286,41.5500
1081,-8.4285,41.5501,-8.4285,41.5501
1082,-8.4285,41.5500,-8.4285,41.5500
1083,-8.4285,41.5499,-8.4285,41.5499
1084,-8.4285,41.5500,-8.4285,41.5500
1085,-8.4285,41.5500,-8.4285,41.5500
1086,-8.4286,41.5500,-8.4286,41.5500
1087,-8.4286,41.5501,-8.4286,41.5501
1088,-8.4286,41.5501,-8.4286,41.5501
1089,-8.4286,41.5501,-8.4286,41.5501
1090,-8.4285,41.5501,-8.4285,41.5501
1091,-8.4285,41.5501,-8.4285,41.5501
1092,-8.4285,41.5501,-8.4285,41.5501
1093,-8.4286,41.5501,-8.4286,41.5501
1094,-8.4286,41.5501,-8.4286,41.5501
1095,-8.4286,41.5501,-8.4286,41.5501
1096,-8.4286,41.5501,-8.4286,41.5501
1097,-8.4286,41.5501,-8.4286,41.5501
1098,-8.4286,41.5501,-8.4286,41.5501
1099,-8.4286,41.5501,-8.4286,41.5501
1100,-8.4286,41.5501,-8.4286,41.5501
1101,-8.4286,41.5500,-8.4286,41.5500
1102,-8.4285,41.5501,-8.4285,41.5501
1103,-8.4286,41.5500,-8.4286,41.5500
1104,-8.4285,41.5500,-8.4285,41.5500
1105,-8.4285,41.5501,-8.4285,41.5501
1106,-8.4286,41.5501,-8.4286,41.5501
1107,-8.4286,41.5501,-8.4286,41.5501
1108,-8.4286,41.5501,-8.4286,41.5501
1109,-8.4284,41.5500,-8.4284,41.5500
1110,-8.4289,41.5496,-8.4289,41.5496
1111,-8.4296,41.5498,-8.4296,41.5498
1112,-8.4295,41.5510,-8.4295,41.5510
1113,-8.4292,41.5513,-8.4292,41.5513
1114,-8.4292,41.5517,-8.4292,41.5517
1115,-8.4297,41.5527,-8.4297,41.5527
1116,-8.4304,41.5538,-8.4304,41.5538
1117,-8.4307,41.5554,-8.4307,41.5554
1118,-8.4306,41.5564,-8.4306,41.5564
1119,-8.4286,41.5566,-8.4286,41.5566
1120,-8.4281,41.5576,-8.4281,41.5576
1121,-8.4283,41.5584,-8.4283,41.5584
1122,-8.4290,41.5591,-8.4290,41.5591
1123,-8.4299,41.5591,-8.4299,41.5591
1124,-8.4312,41.5587,-8.4312,41.5587
1125,-8.4319,41.5583,-8.4319,41.5583
1126,-8.4324,41.5580,-8.4324,41.5580
1127,-8.4315,41.5570,-8.4315,41.5570
1128,-8.4309,41.5561,-8.4309,41.5561
1129,-8.4307,41.5555,-8.4307,41.5555
1130,-8.4306,41.5541,-8.4306,41.5541
1131,-8.4299,41.5528,-8.4299,41.5528
1132,-8.4307,41.5527,-8.4307,41.5527
1133,-8.4304,41.5535,-8.4304,41.5535
1134,-8.4289,41.5555,-8.4289,41.5555
1135,-8.4265,41.5570,-8.4265,41.5570
1136,-8.4238,41.5576,-8.4238,41.5576
1137,-8.4216,41.5590,-8.4216,41.5590
1138,-8.4192,41.5606,-8.4192,41.5606
1139,-8.4163,41.5617,-8.4163,41.5617
1140,-8.4130,41.5620,-8.4130,41.5620
1141,-8.4099,41.5624,-8.4099,41.5624
1142,-8.4076,41.5615,-8.4076,41.5615
1143,-8.4075,41.5590,-8.4075,41.5590
1144,-8.4072,41.5560,-8.4072,41.5560
1145,-8.4071,41.5543,-8.4071,41.5543
1146,-8.4069,41.5532,-8.4069,41.5532
1147,-8.4069,41.5530,-8.4069,41.5530
1148,-8.4067,41.5526,-8.4067,41.5526
1149,-8.4060,41.5529,-8.4060,41.5529
1150,-8.4034,41.5541,-8.4034,41.5541
1151,-8.4000,41.5554,-8.4000,41.5554
1152,-8.3967,41.5568,-8.3967,41.5568
1153,-8.3930,41.5582,-8.3930,41.5582
1154,-8.3889,41.5597,-8.3889,41.5597
1155,-8.3856,41.5614,-8.3856,41.5614
1156,-8.3838,41.5630,-8.3838,41.5630
1157,-8.3815,41.5646,-8.3815,41.5646
1158,-8.3778,41.5661,-8.3778,41.5661
1159,-8.3741,41.5665,-8.3741,41.5665
1160,-8.3718,41.5664,-8.3718,41.5664
1161,-8.3705,41.5674,-8.3705,41.5674
1162,-8.3690,41.5697,-8.3690,41.5697
1163,-8.3685,41.5725,-8.3685,41.5725
1164,-8.3689,41.5740,-8.3689,41.5740
1165,-8.3694,41.5763,-8.3694,41.5763
1166,-8.3697,41.5794,-8.3697,41.5794
1167,-8.3702,41.5818,-8.3702,41.5818
1168,-8.3693,41.5839,-8.3693,41.5839
1169,-8.3659,41.5854,-8.3659,41.5854
1170,-8.3616,41.5855,-8.3616,41.5855
1171,-8.3573,41.5860,-8.3573,41.5860
1172,-8.3522,41.5874,-8.3522,41.5874
1173,-8.3487,41.5889,-8.3487,41.5889
1174,-8.3458,41.5909,-8.3458,41.5909
1175,-8.3430,41.5927,-8.3430,41.5927
1176,-8.3423,41.5899,-8.3423,41.5899
1177,-8.3399,41.5879,-8.3399,41.5879
1178,-8.3354,41.5873,-8.3354,41.5873
1179,-8.3322,41.5864,-8.3322,41.5864
1180,-8.3289,41.5875,-8.3289,41.5875
1181,-8.3255,41.5880,-8.3255,41.5880
1182,-8.3225,41.5888,-8.3225,41.5888
1183,-8.3216,41.5866,-8.3216,41.5866
1184,-8.3204,41.5845,-8.3204,41.5845
1185,-8.3170,41.5846,-8.3170,41.5846
1186,-8.3137,41.5837,-8.3137,41.5837
1187,-8.3093,41.5846,-8.3093,41.5846
1188,-8.3059,41.5848,-8.3059,41.5848
1189,-8.3027,41.5864,-8.3027,41.5864
1190,-8.2985,41.5885,-8.2985,41.5885
1191,-8.2952,41.5894,-8.2952,41.5894
1192,-8.2916,41.5886,-8.2916,41.5886
1193,-8.2888,41.5895,-8.2888,41.5895
1194,-8.2875,41.5906,-8.2875,41.5906
1195,-8.2867,41.5925,-8.2867,41.5925
1196,-8.2845,41.5938,-8.2845,41.5938
1197,-8.2830,41.5952,-8.2830,41.5952
1198,-8.2811,41.5967,-8.2811,41.5967
1199,-8.2787,41.5984,-8.2787,41.5984
1200,-8.2760,41.5997,-8.2760,41.5997
1201,-8.2758,41.6019,-8.2758,41.6019
1202,-8.2744,41.6040,-8.2744,41.6040
1203,-8.2731,41.6061,-8.2731,41.6061
1204,-8.2712,41.6075,-8.2712,41.6075
1205,-8.2698,41.6093,-8.2698,41.6093
1206,-8.2668,41.6097,-8.2668,41.6097
1207,-8.2634,41.6092,-8.2634,41.6092
1208,-8.2601,41.6097,-8.2601,41.6097
1209,-8.2583,41.6118,-8.2583,41.6118
1210,-8.2567,41.6134,-8.2567,41.6134
1211,-8.2561,41.6154,-8.2561,41.6154
1212,-8.2542,41.6166,-8.2542,41.6166
1213,-8.2527,41.6150,-8.2527,41.6150
1214,-8.2512,41.6130,-8.2512,41.6130
1215,-8.2490,41.6114,-8.2490,41.6114
1216,-8.2456,41.6116,-8.2456,41.6116
1217,-8.2433,41.6126,-8.2433,41.6126
1218,-8.2413,41.6140,-8.2413,41.6140
1219,-8.2394,41.6150,-8.2394,41.6150
1220,-8.2371,41.6154,-8.2371,41.6154
1221,-8.2348,41.6163,-8.2348,41.6163
1222,-8.2314,41.6174,-8.2314,41.6174
1223,-8.2296,41.6196,-8.2296,41.6196
1224,-8.2283,41.6215,-8.2283,41.6215
1225,-8.2258,41.6210,-8.2258,41.6210
1226,-8.2231,41.6199,-8.2231,41.6199
1227,-8.2204,41.6210,-8.2204,41.6210
1228,-8.2178,41.6220,-8.2178,41.6220
1229,-8.2163,41.6224,-8.2163,41.6224
1230,-8.2150,41.6228,-8.2150,41.6228
1231,-8.2138,41.6232,-8.2138,41.6232
1232,-8.2127,41.6236,-8.2127,41.6236
1233,-8.2114,41.6237,-8.2114,41.6237
1234,-8.2100,41.6235,-8.2100,41.6235
1235,-8.2086,41.6232,-8.2086,41.6232
1236,-8.2073,41.6236,-8.2073,41.6236
1237,-8.2058,41.6248,-8.2058,41.6248
1238,-8.2041,41.6263,-8.2041,41.6263
1239,-8.2022,41.6280,-8.2022,41.6280
1240,-8.2003,41.6296,-8.2003,41.6296
1241,-8.1980,41.6310,-8.1980,41.6310
1242,-8.1967,41.6328,-8.1967,41.6328
1243,-8.1953,41.6343,-8.1953,41.6343
1244,-8.1926,41.6345,-8.1926,41.6345
1245,-8.1915,41.6344,-8.1915,41.6344
1246,-8.1900,41.6348,-8.1900,41.6348
1247,-8.1874,41.6358,-8.1874,41.6358
1248,-8.1854,41.6368,-8.1854,41.6368
1249,-8.1863,41.6374,-8.1863,41.6374
1250,-8.1883,41.6384,-8.1883,41.6384
1251,-8.1868,41.6396,-8.1868,41.6396
1252,-8.1858,41.6412,-8.1858,41.6412
1253,-8.1854,41.6426,-8.1854,41.6426
1254,-8.1853,41.6445,-8.1853,41.6445
1255,-8.1854,41.6460,-8.1854,41.6460
1256,-8.1853,41.6478,-8.1853,41.6478
1257,-8.1836,41.6485,-8.1836,41.6485
1258,-8.1820,41.6486,-8.1820,41.6486
1259,-8.1812,41.6500,-8.1812,41.6500
1260,-8.1790,41.6507,-8.1790,41.6507
1261,-8.1771,41.6517,-8.1771,41.6517
1262,-8.1788,41.6528,-8.1788,41.6528
1263,-8.1799,41.6543,-8.1799,41.6543
1264,-8.1782,41.6554,-8.1782,41.6554
1265,-8.1762,41.6569,-8.1762,41.6569
1266,-8.1767,41.6587,-8.1767,41.6587
1267,-8.1784,41.6605,-8.1784,41.6605
1268,-8.1793,41.6613,-8.1793,41.6613
1269,-8.1779,41.6617,-8.1779,41.6617
1270,-8.1771,41.6609,-8.1771,41.6609
1271,-8.1753,41.6607,-8.1753,41.6607
1272,-8.1744,41.6612,-8.1744,41.6612
1273,-8.1741,41.6629,-8.1741,41.6629
1274,-8.1761,41.6644,-8.1761,41.6644
1275,-8.1783,41.6663,-8.1783,41.6663
1276,-8.1807,41.6674,-8.1807,41.6674
1277,-8.1811,41.6693,-8.1811,41.6693
1278,-8.1783,41.6714,-8.1783,41.6714
1279,-8.1782,41.6737,-8.1782,41.6737
1280,-8.1799,41.6754,-8.1799,41.6754
1281,-8.1809,41.6763,-8.1809,41.6763
1282,-8.1829,41.6767,-8.1829,41.6767
1283,-8.1839,41.6780,-8.1839,41.6780
1284,-8.1855,41.6794,-8.1855,41.6794
1285,-8.1871,41.6810,-8.1871,41.6810
1286,-8.1890,41.6814,-8.1890,41.6814
1287,-8.1904,41.6814,-8.1904,41.6814
1288,-8.1926,41.6817,-8.1926,41.6817
1289,-8.1949,41.6820,-8.1949,41.6820
1290,-8.1956,41.6833,-8.1956,41.6833
1291,-8.1961,41.6844,-8.1961,41.6844
1292,-8.1975,41.6846,-8.1975,41.6846
1293,-8.1986,41.6850,-8.1986,41.6850
1294,-8.1994,41.6858,-8.1994,41.6858
1295,-8.2008,41.6868,-8.2008,41.6868
1296,-8.2020,41.6880,-8.2020,41.6880
1297,-8.2033,41.6891,-8.2033,41.6891
1298,-8.2037,41.6898,-8.2037,41.6898
1299,-8.2038,41.6901,-8.2038,41.6901
1300,-8.2037,41.6902,-8.2037,41.6902
1301,-8.2037,41.6902,-8.2037,41.6902
1302,-8.2038,41.6902,-8.2038,41.6902
1303,-8.2817,41.6603,-8.2817,41.6603
1304,-8.2861,41.6573,-8.2861,41.6573
1305,-8.2883,41.6563,-8.2883,41.6563
1306,-8.3001,41.6530,-8.3001,41.6530
1307,-8.3020,41.6523,-8.3020,41.6523
1308,-8.3037,41.6526,-8.3037,41.6526
1309,-8.3044,41.6543,-8.3044,41.6543
1310,-8.3056,41.6555,-8.3056,41.6555
1311,-8.3073,41.6568,-8.3073,41.6568
1312,-8.3096,41.6560,-8.3096,41.6560
1313,-8.3117,41.6556,-8.3117,41.6556
1314,-8.3135,41.6570,-8.3135,41.6570
1315,-8.3158,41.6570,-8.3158,41.6570
1316,-8.3180,41.6556,-8.3180,41.6556
1317,-8.3196,41.6542,-8.3196,41.6542
1318,-8.3196,41.6527,-8.3196,41.6527
1319,-8.3200,41.6503,-8.3200,41.6503
1320,-8.3220,41.6496,-8.3220,41.6496
1321,-8.3242,41.6508,-8.3242,41.6508
1322,-8.3249,41.6498,-8.3249,41.6498
1323,-8.3254,41.6476,-8.3254,41.6476
1324,-8.3278,41.6467,-8.3278,41.6467
1325,-8.3288,41.6451,-8.3288,41.6451
1326,-8.3311,41.6443,-8.3311,41.6443
1327,-8.3319,41.6425,-8.3319,41.6425
1328,-8.3334,41.6408,-8.3334,41.6408
1329,-8.3344,41.6389,-8.3344,41.6389
1330,-8.3347,41.6372,-8.3347,41.6372
1331,-8.3350,41.6351,-8.3350,41.6351
1332,-8.3365,41.6335,-8.3365,41.6335
1333,-8.3388,41.6329,-8.3388,41.6329
1334,-8.3407,41.6314,-8.3407,41.6314
1335,-8.3424,41.6295,-8.3424,41.6295
1336,-8.3439,41.6280,-8.3439,41.6280
1337,-8.3459,41.6286,-8.3459,41.6286
1338,-8.3489,41.6301,-8.3489,41.6301
1339,-8.3512,41.6313,-8.3512,41.6313
1340,-8.3522,41.6317,-8.3522,41.6317
1341,-8.3530,41.6323,-8.3530,41.6323
1342,-8.3540,41.6321,-8.3540,41.6321
1343,-8.3551,41.6314,-8.3551,41.6314
1344,-8.3566,41.6311,-8.3566,41.6311
1345,-8.3579,41.6310,-8.3579,41.6310
1346,-8.3591,41.6305,-8.3591,41.6305
1347,-8.3600,41.6299,-8.3600,41.6299
1348,-8.3610,41.6292,-8.3610,41.6292
1349,-8.3622,41.6288,-8.3622,41.6288
1350,-8.3631,41.6285,-8.3631,41.6285
1351,-8.3640,41.6282,-8.3640,41.6282
1352,-8.3650,41.6278,-8.3650,41.6278
1353,-8.3674,41.6270,-8.3674,41.6270
1354,-8.3690,41.6274,-8.3690,41.6274
1355,-8.3702,41.6278,-8.3702,41.6278
1356,-8.3714,41.6289,-8.3714,41.6289
1357,-8.3731,41.6299,-8.3731,41.6299
1358,-8.3754,41.6305,-8.3754,41.6305
1359,-8.3780,41.6308,-8.3780,41.6308
1360,-8.3802,41.6309,-8.3802,41.6309
1361,-8.3825,41.6307,-8.3825,41.6307
1362,-8.3845,41.6309,-8.3845,41.6309
1363,-8.3868,41.6311,-8.3868,41.6311
1364,-8.3903,41.6316,-8.3903,41.6316
1365,-8.3940,41.6314,-8.3940,41.6314
1366,-8.3971,41.6300,-8.3971,41.6300
1367,-8.3985,41.6291,-8.3985,41.6291
1368,-8.4004,41.6282,-8.4004,41.6282
1369,-8.4022,41.6267,-8.4022,41.6267
1370,-8.4041,41.6246,-8.4041,41.6246
1371,-8.4054,41.6221,-8.4054,41.6221
1372,-8.4067,41.6193,-8.4067,41.6193
1373,-8.4079,41.6167,-8.4079,41.6167
1374,-8.4103,41.6149,-8.4103,41.6149
1375,-8.4116,41.6142,-8.4116,41.6142
1376,-8.4144,41.6136,-8.4144,41.6136
1377,-8.4162,41.6132,-8.4162,41.6132
1378,-8.4163,41.6132,-8.4163,41.6132
1379,-8.4169,41.6126,-8.4169,41.6126
1380,-8.4202,41.6113,-8.4202,41.6113
1381,-8.4243,41.6102,-8.4243,41.6102
1382,-8.4269,41.6090,-8.4269,41.6090
1383,-8.4295,41.6079,-8.4295,41.6079
1384,-8.4303,41.6077,-8.4303,41.6077
1385,-8.4297,41.6070,-8.4297,41.6070
1386,-8.4289,41.6057,-8.4289,41.6057
1387,-8.4285,41.6050,-8.4285,41.6050
1388,-8.4283,41.6048,-8.4283,41.6048
1389,-8.4282,41.6042,-8.4282,41.6042
1390,-8.4283,41.6033,-8.4283,41.6033
1391,-8.4283,41.6037,-8.4283,41.6037
1392,-8.4280,41.6044,-8.4280,41.6044
1393,-8.4280,41.6045,-8.4280,41.6045
1394,-8.4280,41.6045,-8.4280,41.6045
1395,-8.4280,41.6045,-8.4280,41.6045
1396,-8.4280,41.6045,-8.4280,41.6045
1397,-8.4280,41.6045,-8.4280,41.6045
1398,-8.4280,41.6045,-8.4280,41.6045
1399,-8.4280,41.6045,-8.4280,41.6045
1400,-8.4280,41.6045,-8.4280,41.6045
1401,-8.4283,41.6043,-8.4283,41.6043
1402,-8.4286,41.6030,-8.4286,41.6030
1403,-8.4292,41.6010,-8.4292,41.6010
1404,-8.4289,41.5986,-8.4289,41.5986
1405,-8.4286,41.5960,-8.4286,41.5960
1406,-8.4283,41.5935,-8.4283,41.5935
1407,-8.4295,41.5913,-8.4295,41.5913
1408,-8.4295,41.5902,-8.4295,41.5902
1409,-8.4294,41.5889,-8.4294,41.5889
1410,-8.4292,41.5867,-8.4292,41.5867
1411,-8.4291,41.5845,-8.4291,41.5845
1412,-8.4282,41.5824,-8.4282,41.5824
1413,-8.4277,41.5813,-8.4277,41.5813
1414,-8.4274,41.5802,-8.4274,41.5802
1415,-8.4267,41.5787,-8.4267,41.5787
1416,-8.4259,41.5772,-8.4259,41.5772
1417,-8.4252,41.5759,-8.4252,41.5759
1418,-8.4243,41.5741,-8.4243,41.5741
1419,-8.4236,41.5729,-8.4236,41.5729
1420,-8.4231,41.5718,-8.4231,41.5718
1421,-8.4233,41.5705,-8.4233,41.5705
1422,-8.4227,41.5688,-8.4227,41.5688
1423,-8.4214,41.5669,-8.4214,41.5669
1424,-8.4200,41.5655,-8.4200,41.5655
1425,-8.4197,41.5651,-8.4197,41.5651
1426,-8.4198,41.5644,-8.4198,41.5644
1427,-8.4200,41.5640,-8.4200,41.5640
1428,-8.4203,41.5635,-8.4203,41.5635
1429,-8.4204,41.5628,-8.4204,41.5628
1430,-8.4213,41.5623,-8.4213,41.5623
1431,-8.4209,41.5614,-8.4209,41.5614
1432,-8.4209,41.5612,-8.4209,41.5612
1433,-8.4205,41.5607,-8.4205,41.5607
1434,-8.4216,41.5598,-8.4216,41.5598
1435,-8.4224,41.5602,-8.4224,41.5602
1436,-8.4229,41.5600,-8.4229,41.5600
1437,-8.4226,41.5589,-8.4226,41.5589
1438,-8.4227,41.5584,-8.4227,41.5584
1439,-8.4248,41.5575,-8.4248,41.5575
1440,-8.4282,41.5565,-8.4282,41.5565
1441,-8.4301,41.5541,-8.4301,41.5541
1442,-8.4320,41.5517,-8.4320,41.5517
1443,-8.4358,41.5477,-8.4358,41.5477
1444,-8.4387,41.5446,-8.4387,41.5446
1445,-8.4411,41.5416,-8.4411,41.5416
1446,-8.4433,41.5389,-8.4433,41.5389
1447,-8.4458,41.5364,-8.4458,41.5364
1448,-8.4456,41.5334,-8.4456,41.5334
1449,-8.4432,41.5306,-8.4432,41.5306
1450,-8.4440,41.5277,-8.4440,41.5277
1451,-8.4456,41.5251,-8.4456,41.5251
1452,-8.4465,41.5225,-8.4465,41.5225
1453,-8.4455,41.5198,-8.4455,41.5198
1454,-8.4447,41.5174,-8.4447,41.5174
1455,-8.4449,41.5144,-8.4449,41.5144
1456,-8.4445,41.5111,-8.4445,41.5111
1457,-8.4456,41.5079,-8.4456,41.5079
1458,-8.4493,41.5080,-8.4493,41.5080
1459,-8.4539,41.5076,-8.4539,41.5076
1460,-8.4587,41.5078,-8.4587,41.5078
1461,-8.4629,41.5079,-8.4629,41.5079
1462,-8.4662,41.5079,-8.4662,41.5079
1463,-8.4690,41.5063,-8.4690,41.5063
1464,-8.4722,41.5070,-8.4722,41.5070
1465,-8.4722,41.5057,-8.4722,41.5057
1466,-8.4723,41.5029,-8.4723,41.5029
1467,-8.4710,41.4991,-8.4710,41.4991
1468,-8.4679,41.4960,-8.4679,41.4960
1469,-8.4649,41.4932,-8.4649,41.4932
1470,-8.4656,41.4899,-8.4656,41.4899
1471,-8.4666,41.4864,-8.4666,41.4864
1472,-8.4636,41.4832,-8.4636,41.4832
1473,-8.4594,41.4803,-8.4594,41.4803
1474,-8.4598,41.4766,-8.4598,41.4766
1475,-8.4638,41.4738,-8.4638,41.4738
1476,-8.4676,41.4707,-8.4676,41.4707
1477,-8.4703,41.4672,-8.4703,41.4672
1478,-8.4730,41.4637,-8.4730,41.4637
1479,-8.4777,41.4610,-8.4777,41.4610
1480,-8.4818,41.4575,-8.4818,41.4575
1481,-8.4868,41.4551,-8.4868,41.4551
1482,-8.4900,41.4513,-8.4900,41.4513
1483,-8.4925,41.4472,-8.4925,41.4472
1484,-8.4929,41.4432,-8.4929,41.4432
1485,-8.4943,41.4390,-8.4943,41.4390
1486,-8.4967,41.4350,-8.4967,41.4350
1487,-8.4977,41.4302,-8.4977,41.4302
1488,-8.4957,41.4253,-8.4957,41.4253
1489,-8.4937,41.4206,-8.4937,41.4206
1490,-8.4941,41.4158,-8.4941,41.4158
1491,-8.4958,41.4115,-8.4958,41.4115
1492,-8.4940,41.4072,-8.4940,41.4072
1493,-8.4937,41.4030,-8.4937,41.4030
1494,-8.4960,41.3987,-8.4960,41.3987
1495,-8.4961,41.3940,-8.4961,41.3940
1496,-8.4951,41.3893,-8.4951,41.3893
1497,-8.4977,41.3849,-8.4977,41.3849
1498,-8.5010,41.3807,-8.5010,41.3807
1499,-8.5017,41.3761,-8.5017,41.3761
1500,-8.5035,41.3718,-8.5035,41.3718
1501,-8.5020,41.3671,-8.5020,41.3671
1502,-8.5001,41.3628,-8.5001,41.3628
1503,-8.5014,41.3587,-8.5014,41.3587
1504,-8.5052,41.3556,-8.5052,41.3556
1505,-8.5073,41.3515,-8.5073,41.3515
1506,-8.5060,41.3470,-8.5060,41.3470
1507,-8.5063,41.3427,-8.5063,41.3427
1508,-8.5079,41.3392,-8.5079,41.3392
1509,-8.5096,41.3350,-8.5096,41.3350
1510,-8.5135,41.3319,-8.5135,41.3319
1511,-8.5171,41.3284,-8.5171,41.3284
1512,-8.5179,41.3237,-8.5179,41.3237
1513,-8.5162,41.3189,-8.5162,41.3189
1514,-8.5184,41.3147,-8.5184,41.3147
1515,-8.5240,41.3124,-8.5240,41.3124
1516,-8.5275,41.3081,-8.5275,41.3081
1517,-8.5318,41.3048,-8.5318,41.3048
1518,-8.5371,41.3028,-8.5371,41.3028
1519,-8.5387,41.2984,-8.5387,41.2984
1520,-8.5416,41.2942,-8.5416,41.2942
1521,-8.5470,41.2914,-8.5470,41.2914
1522,-8.5521,41.2889,-8.5521,41.2889
1523,-8.5569,41.2864,-8.5569,41.2864
1524,-8.5603,41.2829,-8.5603,41.2829
1525,-8.5614,41.2783,-8.5614,41.2783
1526,-8.5600,41.2737,-8.5600,41.2737
1527,-8.5610,41.2690,-8.5610,41.2690
1528,-8.5634,41.2646,-8.5634,41.2646
1529,-8.5658,41.2604,-8.5658,41.2604
1530,-8.5680,41.2561,-8.5680,41.2561
1531,-8.5686,41.2516,-8.5686,41.2516
1532,-8.5671,41.2474,-8.5671,41.2474
1533,-8.5651,41.2440,-8.5651,41.2440
1534,-8.5642,41.2402,-8.5642,41.2402
1535,-8.5651,41.2358,-8.5651,41.2358
1536,-8.5678,41.2318,-8.5678,41.2318
1537,-8.5713,41.2280,-8.5713,41.2280
1538,-8.5730,41.2237,-8.5730,41.2237
1539,-8.5752,41.2195,-8.5752,41.2195
1540,-8.5762,41.2150,-8.5762,41.2150
1541,-8.5795,41.2112,-8.5795,41.2112
1542,-8.5826,41.2072,-8.5826,41.2072
1543,-8.5841,41.2027,-8.5841,41.2027
1544,-8.5875,41.1990,-8.5875,41.1990
1545,-8.5901,41.1954,-8.5901,41.1954
1546,-8.5926,41.1920,-8.5926,41.1920
1547,-8.5950,41.1888,-8.5950,41.1888
1548,-8.5944,41.1855,-8.5944,41.1855
1549,-8.5937,41.1823,-8.5937,41.1823
1550,-8.5947,41.1816,-8.5947,41.1816
1551,-8.5962,41.1821,-8.5962,41.1821
1552,-8.5962,41.1821,-8.5962,41.1821
1553,-8.5962,41.1821,-8.5962,41.1821
1554,-8.5962,41.1821,-8.5962,41.1821
1555,-8.5966,41.1822,-8.5966,41.1822
1556,-8.5970,41.1829,-8.5970,41.1829
1557,-8.5969,41.1840,-8.5969,41.1840
1558,-8.5969,41.1853,-8.5969,41.1853
1559,-8.5968,41.1864,-8.5968,41.1864
1560,-8.5970,41.1871,-8.5970,41.1871
1561,-8.5974,41.1876,-8.5974,41.1876
