1,-8.6403,41.1616,-8.6403,41.1616
2,-8.6392,41.1626,-8.6392,41.1626
3,-8.6383,41.1632,-8.6383,41.1632
4,-8.6370,41.1638,-8.6370,41.1638
5,-8.6368,41.1640,-8.6368,41.1640
6,-8.6368,41.1640,-8.6368,41.1640
7,-8.6368,41.1640,-8.6368,41.1640
8,-8.6365,41.1642,-8.6365,41.1642
9,-8.6382,41.1648,-8.6382,41.1648
10,-8.6397,41.1654,-8.6397,41.1654
11,-8.6417,41.1650,-8.6417,41.1650
12,-8.6443,41.1655,-8.6443,41.1655
13,-8.6469,41.1659,-8.6469,41.1659
14,-8.6473,41.1661,-8.6473,41.1661
15,-8.6473,41.1661,-8.6473,41.1661
16,-8.6473,41.1661,-8.6473,41.1661
17,-8.6473,41.1661,-8.6473,41.1661
18,-8.6484,41.1662,-8.6484,41.1662
19,-8.6498,41.1664,-8.6498,41.1664
20,-8.6497,41.1669,-8.6497,41.1669
21,-8.6496,41.1672,-8.6496,41.1672
22,-8.6499,41.1672,-8.6499,41.1672
23,-8.6498,41.1673,-8.6498,41.1673
24,-8.6498,41.1673,-8.6498,41.1673
25,-8.6497,41.1673,-8.6497,41.1673
26,-8.6497,41.1674,-8.6497,41.1674
27,-8.6497,41.1674,-8.6497,41.1674
28,-8.6497,41.1674,-8.6497,41.1674
29,-8.6497,41.1674,-8.6497,41.1674
30,-8.6497,41.1674,-8.6497,41.1674
31,-8.6496,41.1674,-8.6496,41.1674
32,-8.6496,41.1674,-8.6496,41.1674
33,-8.6497,41.1673,-8.6497,41.1673
34,-8.6497,41.1673,-8.6497,41.1673
35,-8.6497,41.1673,-8.6497,41.1673
36,-8.6498,41.1673,-8.6498,41.1673
37,-8.6497,41.1673,-8.6497,41.1673
38,-8.6497,41.1673,-8.6497,41.1673
39,-8.6497,41.1673,-8.6497,41.1673
40,-8.6497,41.1674,-8.6497,41.1674
41,-8.6497,41.1674,-8.6497,41.1674
42,-8.6497,41.1674,-8.6497,41.1674
43,-8.6497,41.1673,-8.6497,41.1673
44,-8.6497,41.1673,-8.6497,41.1673
45,-8.6497,41.1673,-8.6497,41.1673
46,-8.6497,41.1673,-8.6497,41.1673
47,-8.6498,41.1673,-8.6498,41.1673
48,-8.6498,41.1673,-8.6498,41.1673
49,-8.6498,41.1673,-8.6498,41.1673
50,-8.6498,41.1673,-8.6498,41.1673
51,-8.6497,41.1673,-8.6497,41.1673
52,-8.6497,41.1673,-8.6497,41.1673
53,-8.6498,41.1673,-8.6498,41.1673
54,-8.6498,41.1673,-8.6498,41.1673
55,-8.6498,41.1673,-8.6498,41.1673
56,-8.6498,41.1673,-8.6498,41.1673
57,-8.6498,41.1672,-8.6498,41.1672
58,-8.6498,41.1672,-8.6498,41.1672
59,-8.6498,41.1672,-8.6498,41.1672
60,-8.6498,41.1672,-8.6498,41.1672
61,-8.6498,41.1673,-8.6498,41.1673
62,-8.6498,41.1673,-8.6498,41.1673
63,-8.6498,41.1673,-8.6498,41.1673
64,-8.6498,41.1673,-8.6498,41.1673
65,-8.6498,41.1673,-8.6498,41.1673
66,-8.6498,41.1673,-8.6498,41.1673
67,-8.6498,41.1672,-8.6498,41.1672
68,-8.6498,41.1672,-8.6498,41.1672
69,-8.6498,41.1672,-8.6498,41.1672
70,-8.6498,41.1672,-8.6498,41.1672
71,-8.6498,41.1672,-8.6498,41.1672
72,-8.6497,41.1672,-8.6497,41.1672
73,-8.6497,41.1673,-8.6497,41.1673
74,-8.6497,41.1673,-8.6497,41.1673
75,-8.6498,41.1673,-8.6498,41.1673
76,-8.6498,41.1673,-8.6498,41.1673
77,-8.6498,41.1672,-8.6498,41.1672
78,-8.6497,41.1672,-8.6497,41.1672
79,-8.6497,41.1672,-8.6497,41.1672
80,-8.6497,41.1672,-8.6497,41.1672
81,-8.6496,41.1672,-8.6496,41.1672
82,-8.6496,41.1672,-8.6496,41.1672
83,-8.6497,41.1672,-8.6497,41.1672
84,-8.6498,41.1672,-8.6498,41.1672
85,-8.6498,41.1672,-8.6498,41.1672
86,-8.6497,41.1672,-8.6497,41.1672
87,-8.6497,41.1672,-8.6497,41.1672
88,-8.6498,41.1672,-8.6498,41.1672
89,-8.6498,41.1672,-8.6498,41.1672
90,-8.6497,41.1672,-8.6497,41.1672
91,-8.6497,41.1672,-8.6497,41.1672
92,-8.6497,41.1672,-8.6497,41.1672
93,-8.6497,41.1673,-8.6497,41.1673
94,-8.6497,41.1673,-8.6497,41.1673
95,-8.6497,41.1673,-8.6497,41.1673
96,-8.6497,41.1672,-8.6497,41.1672
97,-8.6498,41.1672,-8.6498,41.1672
98,-8.6498,41.1672,-8.6498,41.1672
99,-8.6498,41.1672,-8.6498,41.1672
100,-8.6498,41.1672,-8.6498,41.1672
101,-8.6498,41.1672,-8.6498,41.1672
102,-8.6498,41.1672,-8.6498,41.1672
103,-8.6498,41.1672,-8.6498,41.1672
104,-8.6498,41.1672,-8.6498,41.1672
105,-8.6498,41.1672,-8.6498,41.1672
106,-8.6498,41.1672,-8.6498,41.1672
107,-8.6498,41.1672,-8.6498,41.1672
108,-8.6497,41.1672,-8.6497,41.1672
109,-8.6497,41.1672,-8.6497,41.1672
110,-8.6497,41.1672,-8.6497,41.1672
111,-8.6497,41.1673,-8.6497,41.1673
112,-8.6497,41.1673,-8.6497,41.1673
113,-8.6498,41.1672,-8.6498,41.1672
114,-8.6499,41.1672,-8.6499,41.1672
115,-8.6498,41.1672,-8.6498,41.1672
116,-8.6497,41.1672,-8.6497,41.1672
117,-8.6497,41.1672,-8.6497,41.1672
118,-8.6497,41.1673,-8.6497,41.1673
119,-8.6498,41.1673,-8.6498,41.1673
120,-8.6497,41.1673,-8.6497,41.1673
121,-8.6497,41.1673,-8.6497,41.1673
122,-8.6498,41.1672,-8.6498,41.1672
123,-8.6498,41.1672,-8.6498,41.1672
124,-8.6497,41.1670,-8.6497,41.1670
125,-8.6495,41.1662,-8.6495,41.1662
126,-8.6481,41.1661,-8.6481,41.1661
127,-8.6463,41.1657,-8.6463,41.1657
128,-8.6448,41.1655,-8.6448,41.1655
129,-8.6436,41.1653,-8.6436,41.1653
130,-8.6415,41.1649,-8.6415,41.1649
131,-8.6403,41.1648,-8.6403,41.1648
132,-8.6390,41.1651,-8.6390,41.1651
133,-8.6406,41.1661,-8.6406,41.1661
134,-8.6404,41.1679,-8.6404,41.1679
135,-8.6384,41.1698,-8.6384,41.1698
136,-8.6339,41.1716,-8.6339,41.1716
137,-8.6289,41.1726,-8.6289,41.1726
138,-8.6245,41.1732,-8.6245,41.1732
139,-8.6196,41.1737,-8.6196,41.1737
140,-8.6139,41.1744,-8.6139,41.1744
141,-8.6090,41.1739,-8.6090,41.1739
142,-8.6052,41.1716,-8.6052,41.1716
143,-8.6008,41.1711,-8.6008,41.1711
144,-8.5971,41.1714,-8.5971,41.1714
145,-8.5954,41.1719,-8.5954,41.1719
146,-8.5937,41.1755,-8.5937,41.1755
147,-8.5930,41.1804,-8.5930,41.1804
148,-8.5940,41.1853,-8.5940,41.1853
149,-8.5944,41.1895,-8.5944,41.1895
150,-8.5919,41.1926,-8.5919,41.1926
151,-8.5900,41.1949,-8.5900,41.1949
152,-8.5874,41.1969,-8.5874,41.1969
153,-8.5833,41.1987,-8.5833,41.1987
154,-8.5747,41.1986,-8.5747,41.1986
155,-8.5703,41.1989,-8.5703,41.1989
156,-8.5660,41.2009,-8.5660,41.2009
157,-8.5610,41.2016,-8.5610,41.2016
158,-8.5557,41.2010,-8.5557,41.2010
159,-8.5516,41.2010,-8.5516,41.2010
160,-8.5483,41.2013,-8.5483,41.2013
161,-8.5421,41.2013,-8.5421,41.2013
162,-8.5350,41.2020,-8.5350,41.2020
163,-8.5280,41.2033,-8.5280,41.2033
164,-8.5216,41.2017,-8.5216,41.2017
165,-8.5159,41.1990,-8.5159,41.1990
166,-8.5090,41.1972,-8.5090,41.1972
167,-8.5020,41.1970,-8.5020,41.1970
168,-8.4945,41.1968,-8.4945,41.1968
169,-8.4871,41.1961,-8.4871,41.1961
170,-8.4823,41.1922,-8.4823,41.1922
171,-8.4770,41.1883,-8.4770,41.1883
172,-8.4700,41.1869,-8.4700,41.1869
173,-8.4635,41.1875,-8.4635,41.1875
174,-8.4569,41.1864,-8.4569,41.1864
175,-8.4515,41.1835,-8.4515,41.1835
176,-8.4455,41.1805,-8.4455,41.1805
177,-8.4411,41.1764,-8.4411,41.1764
178,-8.4353,41.1736,-8.4353,41.1736
179,-8.4282,41.1726,-8.4282,41.1726
180,-8.4214,41.1749,-8.4214,41.1749
181,-8.4147,41.1740,-8.4147,41.1740
182,-8.4093,41.1706,-8.4093,41.1706
183,-8.4041,41.1667,-8.4041,41.1667
184,-8.3976,41.1647,-8.3976,41.1647
185,-8.3906,41.1665,-8.3906,41.1665
186,-8.3857,41.1695,-8.3857,41.1695
187,-8.3809,41.1720,-8.3809,41.1720
188,-8.3780,41.1762,-8.3780,41.1762
189,-8.3764,41.1813,-8.3764,41.1813
190,-8.3718,41.1837,-8.3718,41.1837
191,-8.3667,41.1864,-8.3667,41.1864
192,-8.3612,41.1897,-8.3612,41.1897
193,-8.3566,41.1942,-8.3566,41.1942
194,-8.3505,41.1974,-8.3505,41.1974
195,-8.3437,41.1989,-8.3437,41.1989
196,-8.3376,41.1992,-8.3376,41.1992
197,-8.3320,41.1978,-8.3320,41.1978
198,-8.3253,41.1979,-8.3253,41.1979
199,-8.3187,41.2007,-8.3187,41.2007
200,-8.3116,41.2019,-8.3116,41.2019
201,-8.3043,41.2023,-8.3043,41.2023
202,-8.2978,41.2058,-8.2978,41.2058
203,-8.2913,41.2088,-8.2913,41.2088
204,-8.2863,41.2127,-8.2863,41.2127
205,-8.2807,41.2141,-8.2807,41.2141
206,-8.2741,41.2145,-8.2741,41.2145
207,-8.2692,41.2178,-8.2692,41.2178
208,-8.2625,41.2195,-8.2625,41.2195
209,-8.2554,41.2195,-8.2554,41.2195
210,-8.2484,41.2197,-8.2484,41.2197
211,-8.2416,41.2198,-8.2416,41.2198
212,-8.2363,41.2233,-8.2363,41.2233
213,-8.2311,41.2267,-8.2311,41.2267
214,-8.2255,41.2298,-8.2255,41.2298
215,-8.2196,41.2322,-8.2196,41.2322
216,-8.2126,41.2313,-8.2126,41.2313
217,-8.2059,41.2337,-8.2059,41.2337
218,-8.1983,41.2348,-8.1983,41.2348
219,-8.1918,41.2370,-8.1918,41.2370
220,-8.1849,41.2358,-8.1849,41.2358
221,-8.1786,41.2343,-8.1786,41.2343
222,-8.1760,41.2295,-8.1760,41.2295
223,-8.1715,41.2256,-8.1715,41.2256
224,-8.1665,41.2218,-8.1665,41.2218
225,-8.1599,41.2211,-8.1599,41.2211
226,-8.1540,41.2188,-8.1540,41.2188
227,-8.1488,41.2213,-8.1488,41.2213
228,-8.1448,41.2248,-8.1448,41.2248
229,-8.1399,41.2247,-8.1399,41.2247
230,-8.1361,41.2243,-8.1361,41.2243
231,-8.1317,41.2268,-8.1317,41.2268
232,-8.1278,41.2305,-8.1278,41.2305
233,-8.1230,41.2335,-8.1230,41.2335
234,-8.1203,41.2377,-8.1203,41.2377
235,-8.1166,41.2419,-8.1166,41.2419
236,-8.1116,41.2453,-8.1116,41.2453
237,-8.1088,41.2497,-8.1088,41.2497
238,-8.1038,41.2529,-8.1038,41.2529
239,-8.0991,41.2567,-8.0991,41.2567
240,-8.0942,41.2590,-8.0942,41.2590
241,-8.0881,41.2588,-8.0881,41.2588
242,-8.0824,41.2592,-8.0824,41.2592
243,-8.0772,41.2610,-8.0772,41.2610
244,-8.0728,41.2622,-8.0728,41.2622
245,-8.0736,41.2615,-8.0736,41.2615
246,-8.0744,41.2623,-8.0744,41.2623
247,-8.0735,41.2633,-8.0735,41.2633
248,-8.0750,41.2644,-8.0750,41.2644
249,-8.0760,41.2650,-8.0760,41.2650
250,-8.0771,41.2648,-8.0771,41.2648
251,-8.0779,41.2649,-8.0779,41.2649
252,-8.0792,41.2651,-8.0792,41.2651
253,-8.0806,41.2657,-8.0806,41.2657
254,-8.0798,41.2667,-8.0798,41.2667
255,-8.0787,41.2677,-8.0787,41.2677
256,-8.0777,41.2685,-8.0777,41.2685
257,-8.0779,41.2688,-8.0779,41.2688
258,-8.0783,41.2690,-8.0783,41.2690
259,-8.0783,41.2691,-8.0783,41.2691
260,-8.0779,41.2697,-8.0779,41.2697
261,-8.0774,41.2703,-8.0774,41.2703
262,-8.0761,41.2709,-8.0761,41.2709
263,-8.0764,41.2708,-8.0764,41.2708
264,-8.0766,41.2707,-8.0766,41.2707
265,-8.0766,41.2707,-8.0766,41.2707
266,-8.0765,41.2707,-8.0765,41.2707
267,-8.0765,41.2707,-8.0765,41.2707
268,-8.0765,41.2707,-8.0765,41.2707
269,-8.0765,41.2707,-8.0765,41.2707
270,-8.0765,41.2708,-8.0765,41.2708
271,-8.0766,41.2708,-8.0766,41.2708
272,-8.0766,41.2707,-8.0766,41.2707
273,-8.0766,41.2707,-8.0766,41.2707
274,-8.0766,41.2707,-8.0766,41.2707
275,-8.0766,41.2707,-8.0766,41.2707
276,-8.0766,41.2707,-8.0766,41.2707
277,-8.0766,41.2707,-8.0766,41.2707
278,-8.0766,41.2707,-8.0766,41.2707
279,-8.0766,41.2708,-8.0766,41.2708
280,-8.0766,41.2708,-8.0766,41.2708
281,-8.0766,41.2708,-8.0766,41.2708
282,-8.0766,41.2707,-8.0766,41.2707
283,-8.0766,41.2707,-8.0766,41.2707
284,-8.0766,41.2707,-8.0766,41.2707
285,-8.0766,41.2707,-8.0766,41.2707
286,-8.0766,41.2707,-8.0766,41.2707
287,-8.0766,41.2707,-8.0766,41.2707
288,-8.0766,41.2707,-8.0766,41.2707
289,-8.0766,41.2707,-8.0766,41.2707
290,-8.0766,41.2707,-8.0766,41.2707
291,-8.0766,41.2707,-8.0766,41.2707
292,-8.0766,41.2707,-8.0766,41.2707
293,-8.0766,41.2707,-8.0766,41.2707
294,-8.0767,41.2707,-8.0767,41.2707
295,-8.0767,41.2708,-8.0767,41.2708
296,-8.0766,41.2708,-8.0766,41.2708
297,-8.0766,41.2708,-8.0766,41.2708
298,-8.0766,41.2708,-8.0766,41.2708
299,-8.0767,41.2708,-8.0767,41.2708
300,-8.0767,41.2708,-8.0767,41.2708
301,-8.0766,41.2708,-8.0766,41.2708
302,-8.0766,41.2708,-8.0766,41.2708
303,-8.0766,41.2707,-8.0766,41.2707
304,-8.0766,41.2707,-8.0766,41.2707
305,-8.0766,41.2708,-8.0766,41.2708
306,-8.0766,41.2708,-8.0766,41.2708
307,-8.0766,41.2708,-8.0766,41.2708
308,-8.0766,41.2708,-8.0766,41.2708
309,-8.0766,41.2708,-8.0766,41.2708
310,-8.0766,41.2708,-8.0766,41.2708
311,-8.0766,41.2707,-8.0766,41.2707
312,-8.0766,41.2708,-8.0766,41.2708
313,-8.0766,41.2708,-8.0766,41.2708
314,-8.0766,41.2708,-8.0766,41.2708
315,-8.0765,41.2708,-8.0765,41.2708
316,-8.0766,41.2707,-8.0766,41.2707
317,-8.0766,41.2708,-8.0766,41.2708
318,-8.0766,41.2708,-8.0766,41.2708
319,-8.0766,41.2708,-8.0766,41.2708
320,-8.0766,41.2707,-8.0766,41.2707
321,-8.0766,41.2707,-8.0766,41.2707
322,-8.0766,41.2707,-8.0766,41.2707
323,-8.0766,41.2708,-8.0766,41.2708
324,-8.0766,41.2708,-8.0766,41.2708
325,-8.0766,41.2708,-8.0766,41.2708
326,-8.0766,41.2708,-8.0766,41.2708
327,-8.0766,41.2707,-8.0766,41.2707
328,-8.0766,41.2707,-8.0766,41.2707
329,-8.0766,41.2708,-8.0766,41.2708
330,-8.6410,41.1610,-8.6410,41.1610
331,-8.6410,41.1610,-8.6410,41.1610
332,-8.0766,41.2708,-8.0766,41.2708
333,-8.0766,41.2708,-8.0766,41.2708
334,-8.0766,41.2708,-8.0766,41.2708
335,-8.0766,41.2707,-8.0766,41.2707
336,-8.0766,41.2707,-8.0766,41.2707
337,-8.0766,41.2708,-8.0766,41.2708
338,-8.0766,41.2708,-8.0766,41.2708
339,-8.0766,41.2708,-8.0766,41.2708
340,-8.0766,41.2708,-8.0766,41.2708
341,-8.0766,41.2708,-8.0766,41.2708
342,-8.0766,41.2708,-8.0766,41.2708
343,-8.0766,41.2708,-8.0766,41.2708
344,-8.0766,41.2708,-8.0766,41.2708
345,-8.0766,41.2708,-8.0766,41.2708
346,-8.0766,41.2708,-8.0766,41.2708
347,-8.0766,41.2708,-8.0766,41.2708
348,-8.0766,41.2708,-8.0766,41.2708
349,-8.0766,41.2708,-8.0766,41.2708
350,-8.0766,41.2708,-8.0766,41.2708
351,-8.0766,41.2708,-8.0766,41.2708
352,-8.0766,41.2708,-8.0766,41.2708
353,-8.0766,41.2708,-8.0766,41.2708
354,-8.0766,41.2708,-8.0766,41.2708
355,-8.0766,41.2708,-8.0766,41.2708
356,-8.0766,41.2708,-8.0766,41.2708
357,-8.0765,41.2708,-8.0765,41.2708
358,-8.0765,41.2708,-8.0765,41.2708
359,-8.0765,41.2707,-8.0765,41.2707
360,-8.0765,41.2707,-8.0765,41.2707
361,-8.0765,41.2707,-8.0765,41.2707
362,-8.0766,41.2708,-8.0766,41.2708
363,-8.0766,41.2708,-8.0766,41.2708
364,-8.0766,41.2708,-8.0766,41.2708
365,-8.0766,41.2708,-8.0766,41.2708
366,-8.0766,41.2708,-8.0766,41.2708
367,-8.0766,41.2708,-8.0766,41.2708
368,-8.0766,41.2708,-8.0766,41.2708
369,-8.0766,41.2707,-8.0766,41.2707
370,-8.0766,41.2707,-8.0766,41.2707
371,-8.0767,41.2707,-8.0767,41.2707
372,-8.0766,41.2707,-8.0766,41.2707
373,-8.0766,41.2708,-8.0766,41.2708
374,-8.0766,41.2708,-8.0766,41.2708
375,-8.0766,41.2708,-8.0766,41.2708
376,-8.0766,41.2708,-8.0766,41.2708
377,-8.0766,41.2707,-8.0766,41.2707
378,-8.0766,41.2708,-8.0766,41.2708
379,-8.0766,41.2707,-8.0766,41.2707
380,-8.0766,41.2707,-8.0766,41.2707
381,-8.0766,41.2707,-8.0766,41.2707
382,-8.0766,41.2707,-8.0766,41.2707
383,-8.0765,41.2707,-8.0765,41.2707
384,-8.0765,41.2707,-8.0765,41.2707
385,-8.0765,41.2707,-8.0765,41.2707
386,-8.0765,41.2707,-8.0765,41.2707
387,-8.0766,41.2707,-8.0766,41.2707
388,-8.0766,41.2707,-8.0766,41.2707
389,-8.0766,41.2707,-8.0766,41.2707
390,-8.0766,41.2707,-8.0766,41.2707
391,-8.0765,41.2707,-8.0765,41.2707
392,-8.0765,41.2707,-8.0765,41.2707
393,-8.0766,41.2707,-8.0766,41.2707
394,-8.0766,41.2707,-8.0766,41.2707
395,-8.0765,41.2707,-8.0765,41.2707
396,-8.0765,41.2707,-8.0765,41.2707
397,-8.0765,41.2707,-8.0765,41.2707
398,-8.0765,41.2707,-8.0765,41.2707
399,-8.0765,41.2707,-8.0765,41.2707
400,-8.0765,41.2707,-8.0765,41.2707
401,-8.0766,41.2707,-8.0766,41.2707
402,-8.0766,41.2707,-8.0766,41.2707
403,-8.0766,41.2707,-8.0766,41.2707
404,-8.0766,41.2707,-8.0766,41.2707
405,-8.0766,41.2707,-8.0766,41.2707
406,-8.0766,41.2707,-8.0766,41.2707
407,-8.0766,41.2707,-8.0766,41.2707
408,-8.0766,41.2707,-8.0766,41.2707
409,-8.0766,41.2707,-8.0766,41.2707
410,-8.0766,41.2707,-8.0766,41.2707
411,-8.0766,41.2708,-8.0766,41.2708
412,-8.0766,41.2708,-8.0766,41.2708
413,-8.0766,41.2707,-8.0766,41.2707
414,-8.0766,41.2707,-8.0766,41.2707
415,-8.0766,41.2707,-8.0766,41.2707
416,-8.0766,41.2707,-8.0766,41.2707
417,-8.0766,41.2707,-8.0766,41.2707
418,-8.0766,41.2707,-8.0766,41.2707
419,-8.0766,41.2707,-8.0766,41.2707
420,-8.0766,41.2707,-8.0766,41.2707
421,-8.0765,41.2708,-8.0765,41.2708
422,-8.0765,41.2708,-8.0765,41.2708
423,-8.0765,41.2708,-8.0765,41.2708
424,-8.0765,41.2708,-8.0765,41.2708
425,-8.0765,41.2708,-8.0765,41.2708
426,-8.0765,41.2707,-8.0765,41.2707
427,-8.0765,41.2707,-8.0765,41.2707
428,-8.0765,41.2708,-8.0765,41.2708
429,-8.0765,41.2708,-8.0765,41.2708
430,-8.0765,41.2708,-8.0765,41.2708
431,-8.0765,41.2707,-8.0765,41.2707
432,-8.0765,41.2707,-8.0765,41.2707
433,-8.0766,41.2708,-8.0766,41.2708
434,-8.0766,41.2708,-8.0766,41.2708
435,-8.0766,41.2708,-8.0766,41.2708
436,-8.0766,41.2708,-8.0766,41.2708
437,-8.0766,41.2707,-8.0766,41.2707
438,-8.0766,41.2707,-8.0766,41.2707
439,-8.0766,41.2708,-8.0766,41.2708
440,-8.0766,41.2708,-8.0766,41.2708
441,-8.0766,41.2708,-8.0766,41.2708
442,-8.0766,41.2708,-8.0766,41.2708
443,-8.0766,41.2708,-8.0766,41.2708
444,-8.0766,41.2708,-8.0766,41.2708
445,-8.0765,41.2708,-8.0765,41.2708
446,-8.0765,41.2708,-8.0765,41.2708
447,-8.0766,41.2708,-8.0766,41.2708
448,-8.0766,41.2708,-8.0766,41.2708
449,-8.0766,41.2708,-8.0766,41.2708
450,-8.0766,41.2708,-8.0766,41.2708
451,-8.0766,41.2708,-8.0766,41.2708
452,-8.0766,41.2708,-8.0766,41.2708
453,-8.0766,41.2707,-8.0766,41.2707
454,-8.0766,41.2708,-8.0766,41.2708
455,-8.0766,41.2708,-8.0766,41.2708
456,-8.0766,41.2708,-8.0766,41.2708
457,-8.0766,41.2708,-8.0766,41.2708
458,-8.0767,41.2708,-8.0767,41.2708
459,-8.0767,41.2708,-8.0767,41.2708
460,-8.0767,41.2708,-8.0767,41.2708
461,-8.0767,41.2708,-8.0767,41.2708
462,-8.0767,41.2708,-8.0767,41.2708
463,-8.0767,41.2708,-8.0767,41.2708
464,-8.0767,41.2708,-8.0767,41.2708
465,-8.0767,41.2708,-8.0767,41.2708
466,-8.0766,41.2708,-8.0766,41.2708
467,-8.0766,41.2708,-8.0766,41.2708
468,-8.0766,41.2708,-8.0766,41.2708
469,-8.0766,41.2708,-8.0766,41.2708
470,-8.0766,41.2708,-8.0766,41.2708
471,-8.0766,41.2708,-8.0766,41.2708
472,-8.0766,41.2708,-8.0766,41.2708
473,-8.0766,41.2708,-8.0766,41.2708
474,-8.0765,41.2707,-8.0765,41.2707
475,-8.0765,41.2707,-8.0765,41.2707
476,-8.0766,41.2708,-8.0766,41.2708
477,-8.0766,41.2708,-8.0766,41.2708
478,-8.0766,41.2708,-8.0766,41.2708
479,-8.0766,41.2708,-8.0766,41.2708
480,-8.0766,41.2708,-8.0766,41.2708
481,-8.0766,41.2708,-8.0766,41.2708
482,-8.0766,41.2708,-8.0766,41.2708
483,-8.0766,41.2708,-8.0766,41.2708
484,-8.0766,41.2708,-8.0766,41.2708
485,-8.0766,41.2708,-8.0766,41.2708
486,-8.0765,41.2707,-8.0765,41.2707
487,-8.0765,41.2708,-8.0765,41.2708
488,-8.0765,41.2708,-8.0765,41.2708
489,-8.0765,41.2709,-8.0765,41.2709
490,-8.0765,41.2709,-8.0765,41.2709
491,-8.0765,41.2709,-8.0765,41.2709
492,-8.0765,41.2709,-8.0765,41.2709
493,-8.0765,41.2708,-8.0765,41.2708
494,-8.0765,41.2708,-8.0765,41.2708
495,-8.0765,41.2708,-8.0765,41.2708
496,-8.0765,41.2708,-8.0765,41.2708
497,-8.0765,41.2708,-8.0765,41.2708
498,-8.0766,41.2709,-8.0766,41.2709
499,-8.0766,41.2708,-8.0766,41.2708
500,-8.0766,41.2708,-8.0766,41.2708
501,-8.0766,41.2708,-8.0766,41.2708
502,-8.0766,41.2708,-8.0766,41.2708
503,-8.0766,41.2707,-8.0766,41.2707
504,-8.0766,41.2708,-8.0766,41.2708
505,-8.0765,41.2707,-8.0765,41.2707
506,-8.0765,41.2707,-8.0765,41.2707
507,-8.0765,41.2707,-8.0765,41.2707
508,-8.0765,41.2707,-8.0765,41.2707
509,-8.0765,41.2708,-8.0765,41.2708
510,-8.0766,41.2708,-8.0766,41.2708
511,-8.0765,41.2708,-8.0765,41.2708
512,-8.0766,41.2708,-8.0766,41.2708
513,-8.0766,41.2708,-8.0766,41.2708
514,-8.0765,41.2708,-8.0765,41.2708
515,-8.0765,41.2708,-8.0765,41.2708
516,-8.0766,41.2708,-8.0766,41.2708
517,-8.0765,41.2708,-8.0765,41.2708
518,-8.0765,41.2708,-8.0765,41.2708
519,-8.0765,41.2707,-8.0765,41.2707
520,-8.0765,41.2707,-8.0765,41.2707
521,-8.0765,41.2708,-8.0765,41.2708
522,-8.0765,41.2708,-8.0765,41.2708
523,-8.0765,41.2708,-8.0765,41.2708
524,-8.0765,41.2708,-8.0765,41.2708
525,-8.0765,41.2708,-8.0765,41.2708
526,-8.0765,41.2708,-8.0765,41.2708
527,-8.0765,41.2708,-8.0765,41.2708
528,-8.0766,41.2708,-8.0766,41.2708
529,-8.0766,41.2708,-8.0766,41.2708
530,-8.0765,41.2708,-8.0765,41.2708
531,-8.0765,41.2708,-8.0765,41.2708
532,-8.0765,41.2707,-8.0765,41.2707
533,-8.0765,41.2708,-8.0765,41.2708
534,-8.0765,41.2707,-8.0765,41.2707
535,-8.0766,41.2707,-8.0766,41.2707
536,-8.0766,41.2707,-8.0766,41.2707
537,-8.0766,41.2707,-8.0766,41.2707
538,-8.0766,41.2707,-8.0766,41.2707
539,-8.0765,41.2706,-8.0765,41.2706
540,-8.0765,41.2707,-8.0765,41.2707
541,-8.0765,41.2707,-8.0765,41.2707
542,-8.0765,41.2707,-8.0765,41.2707
543,-8.0765,41.2707,-8.0765,41.2707
544,-8.0766,41.2707,-8.0766,41.2707
545,-8.0766,41.2707,-8.0766,41.2707
546,-8.0766,41.2707,-8.0766,41.2707
547,-8.0766,41.2707,-8.0766,41.2707
548,-8.0766,41.2708,-8.0766,41.2708
549,-8.0765,41.2707,-8.0765,41.2707
550,-8.0766,41.2707,-8.0766,41.2707
551,-8.0765,41.2707,-8.0765,41.2707
552,-8.0765,41.2707,-8.0765,41.2707
553,-8.0765,41.2707,-8.0765,41.2707
554,-8.0765,41.2707,-8.0765,41.2707
555,-8.0765,41.2707,-8.0765,41.2707
556,-8.0765,41.2708,-8.0765,41.2708
557,-8.0764,41.2708,-8.0764,41.2708
558,-8.0764,41.2708,-8.0764,41.2708
559,-8.0764,41.2708,-8.0764,41.2708
560,-8.0764,41.2709,-8.0764,41.2709
561,-8.0764,41.2709,-8.0764,41.2709
562,-8.0764,41.2708,-8.0764,41.2708
563,-8.0765,41.2708,-8.0765,41.2708
564,-8.0765,41.2708,-8.0765,41.2708
565,-8.0765,41.2708,-8.0765,41.2708
566,-8.0765,41.2708,-8.0765,41.2708
567,-8.0765,41.2708,-8.0765,41.2708
568,-8.0765,41.2708,-8.0765,41.2708
569,-8.0765,41.2707,-8.0765,41.2707
570,-8.0765,41.2707,-8.0765,41.2707
571,-8.0765,41.2707,-8.0765,41.2707
572,-8.0765,41.2707,-8.0765,41.2707
573,-8.0765,41.2707,-8.0765,41.2707
574,-8.0765,41.2707,-8.0765,41.2707
575,-8.0765,41.2707,-8.0765,41.2707
576,-8.0765,41.2707,-8.0765,41.2707
577,-8.0765,41.2707,-8.0765,41.2707
578,-8.0765,41.2707,-8.0765,41.2707
579,-8.0765,41.2707,-8.0765,41.2707
580,-8.0765,41.2707,-8.0765,41.2707
581,-8.0764,41.2708,-8.0764,41.2708
582,-8.0764,41.2708,-8.0764,41.2708
583,-8.0765,41.2708,-8.0765,41.2708
584,-8.0765,41.2708,-8.0765,41.2708
585,-8.0765,41.2708,-8.0765,41.2708
586,-8.0765,41.2708,-8.0765,41.2708
587,-8.0765,41.2708,-8.0765,41.2708
588,-8.0764,41.2708,-8.0764,41.2708
589,-8.0764,41.2708,-8.0764,41.2708
590,-8.0764,41.2708,-8.0764,41.2708
591,-8.0764,41.2707,-8.0764,41.2707
592,-8.0764,41.2707,-8.0764,41.2707
593,-8.0764,41.2707,-8.0764,41.2707
594,-8.0765,41.2707,-8.0765,41.2707
595,-8.0765,41.2707,-8.0765,41.2707
596,-8.0765,41.2707,-8.0765,41.2707
597,-8.0765,41.2707,-8.0765,41.2707
598,-8.0765,41.2708,-8.0765,41.2708
599,-8.0765,41.2708,-8.0765,41.2708
600,-8.0766,41.2708,-8.0766,41.2708
601,-8.0766,41.2708,-8.0766,41.2708
602,-8.0766,41.2708,-8.0766,41.2708
603,-8.0766,41.2708,-8.0766,41.2708
604,-8.0766,41.2708,-8.0766,41.2708
605,-8.0766,41.2708,-8.0766,41.2708
606,-8.0766,41.2708,-8.0766,41.2708
607,-8.0766,41.2708,-8.0766,41.2708
608,-8.0766,41.2708,-8.0766,41.2708
609,-8.0766,41.2708,-8.0766,41.2708
610,-8.0766,41.2708,-8.0766,41.2708
611,-8.0766,41.2707,-8.0766,41.2707
612,-8.0765,41.2707,-8.0765,41.2707
613,-8.0765,41.2707,-8.0765,41.2707
614,-8.0765,41.2707,-8.0765,41.2707
615,-8.0766,41.2708,-8.0766,41.2708
616,-8.0766,41.2708,-8.0766,41.2708
617,-8.0766,41.2708,-8.0766,41.2708
618,-8.0765,41.2707,-8.0765,41.2707
619,-8.0765,41.2707,-8.0765,41.2707
620,-8.0765,41.2708,-8.0765,41.2708
621,-8.0770,41.2706,-8.0770,41.2706
622,-8.0771,41.2705,-8.0771,41.2705
623,-8.0769,41.2706,-8.0769,41.2706
624,-8.0762,41.2710,-8.0762,41.2710
625,-8.0764,41.2706,-8.0764,41.2706
626,-8.0773,41.2703,-8.0773,41.2703
627,-8.0777,41.2700,-8.0777,41.2700
628,-8.0765,41.2703,-8.0765,41.2703
629,-8.0757,41.2706,-8.0757,41.2706
630,-8.0757,41.2706,-8.0757,41.2706
631,-8.0756,41.2705,-8.0756,41.2705
632,-8.0756,41.2705,-8.0756,41.2705
633,-8.0754,41.2702,-8.0754,41.2702
634,-8.0752,41.2699,-8.0752,41.2699
635,-8.0748,41.2694,-8.0748,41.2694
636,-8.0742,41.2685,-8.0742,41.2685
637,-8.0732,41.2679,-8.0732,41.2679
638,-8.0728,41.2677,-8.0728,41.2677
639,-8.0726,41.2675,-8.0726,41.2675
640,-8.0707,41.2657,-8.0707,41.2657
641,-8.0686,41.2650,-8.0686,41.2650
642,-8.0687,41.2653,-8.0687,41.2653
643,-8.0737,41.2664,-8.0737,41.2664
644,-8.0760,41.2656,-8.0760,41.2656
645,-8.0751,41.2645,-8.0751,41.2645
646,-8.0738,41.2633,-8.0738,41.2633
647,-8.0752,41.2625,-8.0752,41.2625
648,-8.0781,41.2604,-8.0781,41.2604
649,-8.0833,41.2590,-8.0833,41.2590
650,-8.0899,41.2587,-8.0899,41.2587
651,-8.0964,41.2586,-8.0964,41.2586
652,-8.1011,41.2552,-8.1011,41.2552
653,-8.1063,41.2520,-8.1063,41.2520
654,-8.1100,41.2479,-8.1100,41.2479
655,-8.1138,41.2440,-8.1138,41.2440
656,-8.1185,41.2406,-8.1185,41.2406
657,-8.1210,41.2363,-8.1210,41.2363
658,-8.1243,41.2330,-8.1243,41.2330
659,-8.1283,41.2301,-8.1283,41.2301
660,-8.1320,41.2269,-8.1320,41.2269
661,-8.1360,41.2244,-8.1360,41.2244
662,-8.1404,41.2247,-8.1404,41.2247
663,-8.1450,41.2249,-8.1450,41.2249
664,-8.1490,41.2214,-8.1490,41.2214
665,-8.1540,41.2188,-8.1540,41.2188
666,-8.1634,41.2213,-8.1634,41.2213
667,-8.1685,41.2233,-8.1685,41.2233
668,-8.1749,41.2278,-8.1749,41.2278
669,-8.1776,41.2328,-8.1776,41.2328
670,-8.1822,41.2363,-8.1822,41.2363
671,-8.1888,41.2370,-8.1888,41.2370
672,-8.1963,41.2360,-8.1963,41.2360
673,-8.2029,41.2345,-8.2029,41.2345
674,-8.2106,41.2322,-8.2106,41.2322
675,-8.2172,41.2320,-8.2172,41.2320
676,-8.2233,41.2321,-8.2233,41.2321
677,-8.2295,41.2288,-8.2295,41.2288
678,-8.2338,41.2253,-8.2338,41.2253
679,-8.2387,41.2218,-8.2387,41.2218
680,-8.2441,41.2196,-8.2441,41.2196
681,-8.2507,41.2196,-8.2507,41.2196
682,-8.2574,41.2196,-8.2574,41.2196
683,-8.2671,41.2183,-8.2671,41.2183
684,-8.2737,41.2145,-8.2737,41.2145
685,-8.2838,41.2135,-8.2838,41.2135
686,-8.2898,41.2102,-8.2898,41.2102
687,-8.2956,41.2068,-8.2956,41.2068
688,-8.3020,41.2034,-8.3020,41.2034
689,-8.3092,41.2017,-8.3092,41.2017
690,-8.3169,41.2014,-8.3169,41.2014
691,-8.3242,41.1986,-8.3242,41.1986
692,-8.3316,41.1977,-8.3316,41.1977
693,-8.3385,41.1993,-8.3385,41.1993
694,-8.3457,41.1987,-8.3457,41.1987
695,-8.3530,41.1966,-8.3530,41.1966
696,-8.3582,41.1929,-8.3582,41.1929
697,-8.3630,41.1885,-8.3630,41.1885
698,-8.3684,41.1851,-8.3684,41.1851
699,-8.3745,41.1831,-8.3745,41.1831
700,-8.3776,41.1786,-8.3776,41.1786
701,-8.3795,41.1734,-8.3795,41.1734
702,-8.3847,41.1701,-8.3847,41.1701
703,-8.3899,41.1668,-8.3899,41.1668
704,-8.3966,41.1648,-8.3966,41.1648
705,-8.4036,41.1664,-8.4036,41.1664
706,-8.4098,41.1709,-8.4098,41.1709
707,-8.4161,41.1748,-8.4161,41.1748
708,-8.4230,41.1746,-8.4230,41.1746
709,-8.4295,41.1726,-8.4295,41.1726
710,-8.4363,41.1741,-8.4363,41.1741
711,-8.4420,41.1775,-8.4420,41.1775
712,-8.4469,41.1815,-8.4469,41.1815
713,-8.4528,41.1845,-8.4528,41.1845
714,-8.4593,41.1869,-8.4593,41.1869
715,-8.4663,41.1877,-8.4663,41.1877
716,-8.4728,41.1875,-8.4728,41.1875
717,-8.4796,41.1897,-8.4796,41.1897
718,-8.4841,41.1940,-8.4841,41.1940
719,-8.4893,41.1965,-8.4893,41.1965
720,-8.4970,41.1970,-8.4970,41.1970
721,-8.5049,41.1971,-8.5049,41.1971
722,-8.5117,41.1982,-8.5117,41.1982
723,-8.5181,41.1997,-8.5181,41.1997
724,-8.5259,41.2031,-8.5259,41.2031
725,-8.5325,41.2026,-8.5325,41.2026
726,-8.5394,41.2014,-8.5394,41.2014
727,-8.5461,41.2014,-8.5461,41.2014
728,-8.5508,41.2012,-8.5508,41.2012
729,-8.5537,41.2011,-8.5537,41.2011
730,-8.5587,41.2014,-8.5587,41.2014
731,-8.5641,41.2015,-8.5641,41.2015
732,-8.5691,41.1996,-8.5691,41.1996
733,-8.5735,41.1988,-8.5735,41.1988
734,-8.5812,41.1993,-8.5812,41.1993
735,-8.5858,41.1983,-8.5858,41.1983
736,-8.5905,41.1978,-8.5905,41.1978
737,-8.5909,41.1955,-8.5909,41.1955
738,-8.5920,41.1931,-8.5920,41.1931
739,-8.5944,41.1898,-8.5944,41.1898
740,-8.5942,41.1854,-8.5942,41.1854
741,-8.5931,41.1810,-8.5931,41.1810
742,-8.5936,41.1770,-8.5936,41.1770
743,-8.5947,41.1736,-8.5947,41.1736
744,-8.5972,41.1718,-8.5972,41.1718
745,-8.5999,41.1713,-8.5999,41.1713
746,-8.6041,41.1716,-8.6041,41.1716
747,-8.6081,41.1734,-8.6081,41.1734
748,-8.6130,41.1745,-8.6130,41.1745
749,-8.6181,41.1739,-8.6181,41.1739
750,-8.6228,41.1734,-8.6228,41.1734
751,-8.6271,41.1730,-8.6271,41.1730
752,-8.6320,41.1720,-8.6320,41.1720
753,-8.6365,41.1710,-8.6365,41.1710
754,-8.6399,41.1689,-8.6399,41.1689
755,-8.6430,41.1667,-8.6430,41.1667
756,-8.6459,41.1653,-8.6459,41.1653
757,-8.6482,41.1643,-8.6482,41.1643
758,-8.6493,41.1649,-8.6493,41.1649
759,-8.6501,41.1652,-8.6501,41.1652
760,-8.6499,41.1660,-8.6499,41.1660
761,-8.6499,41.1661,-8.6499,41.1661
762,-8.6497,41.1671,-8.6497,41.1671
763,-8.6499,41.1673,-8.6499,41.1673
764,-8.6496,41.1672,-8.6496,41.1672
765,-8.6496,41.1671,-8.6496,41.1671
766,-8.6496,41.1671,-8.6496,41.1671
767,-8.6496,41.1671,-8.6496,41.1671
768,-8.6495,41.1670,-8.6495,41.1670
769,-8.6495,41.1670,-8.6495,41.1670
770,-8.6495,41.1670,-8.6495,41.1670
771,-8.6495,41.1670,-8.6495,41.1670
772,-8.6495,41.1670,-8.6495,41.1670
773,-8.6495,41.1670,-8.6495,41.1670
774,-8.6494,41.1670,-8.6494,41.1670
775,-8.6494,41.1670,-8.6494,41.1670
776,-8.6495,41.1670,-8.6495,41.1670
777,-8.6495,41.1670,-8.6495,41.1670
778,-8.6495,41.1670,-8.6495,41.1670
779,-8.6495,41.1670,-8.6495,41.1670
780,-8.6495,41.1670,-8.6495,41.1670
781,-8.6495,41.1670,-8.6495,41.1670
782,-8.6494,41.1670,-8.6494,41.1670
783,-8.6494,41.1669,-8.6494,41.1669
784,-8.6495,41.1670,-8.6495,41.1670
785,-8.6494,41.1670,-8.6494,41.1670
786,-8.6495,41.1670,-8.6495,41.1670
787,-8.6496,41.1670,-8.6496,41.1670
788,-8.6494,41.1670,-8.6494,41.1670
789,-8.6495,41.1670,-8.6495,41.1670
790,-8.6496,41.1671,-8.6496,41.1671
791,-8.6496,41.1671,-8.6496,41.1671
792,-8.6495,41.1670,-8.6495,41.1670
793,-8.6494,41.1670,-8.6494,41.1670
794,-8.6494,41.1670,-8.6494,41.1670
795,-8.6493,41.1669,-8.6493,41.1669
796,-8.6495,41.1670,-8.6495,41.1670
797,-8.6495,41.1670,-8.6495,41.1670
798,-8.6494,41.1670,-8.6494,41.1670
799,-8.6494,41.1670,-8.6494,41.1670
800,-8.6494,41.1670,-8.6494,41.1670
801,-8.6494,41.1670,-8.6494,41.1670
802,-8.6494,41.1670,-8.6494,41.1670
803,-8.6494,41.1670,-8.6494,41.1670
804,-8.6493,41.1669,-8.6493,41.1669
805,-8.6494,41.1670,-8.6494,41.1670
806,-8.6494,41.1669,-8.6494,41.1669
807,-8.6493,41.1669,-8.6493,41.1669
808,-8.6493,41.1670,-8.6493,41.1670
809,-8.6494,41.1671,-8.6494,41.1671
810,-8.6494,41.1670,-8.6494,41.1670
811,-8.6494,41.1670,-8.6494,41.1670
812,-8.6494,41.1670,-8.6494,41.1670
813,-8.6495,41.1670,-8.6495,41.1670
814,-8.6495,41.1671,-8.6495,41.1671
815,-8.6495,41.1670,-8.6495,41.1670
816,-8.6495,41.1670,-8.6495,41.1670
817,-8.6495,41.1670,-8.6495,41.1670
818,-8.6495,41.1670,-8.6495,41.1670
819,-8.6495,41.1670,-8.6495,41.1670
820,-8.6496,41.1669,-8.6496,41.1669
821,-8.6495,41.1669,-8.6495,41.1669
822,-8.6495,41.1669,-8.6495,41.1669
823,-8.6495,41.1669,-8.6495,41.1669
824,-8.6495,41.1669,-8.6495,41.1669
825,-8.6495,41.1669,-8.6495,41.1669
826,-8.6495,41.1669,-8.6495,41.1669
827,-8.6497,41.1669,-8.6497,41.1669
828,-8.6497,41.1668,-8.6497,41.1668
829,-8.6497,41.1668,-8.6497,41.1668
830,-8.6497,41.1668,-8.6497,41.1668
831,-8.6496,41.1668,-8.6496,41.1668
832,-8.6495,41.1669,-8.6495,41.1669
833,-8.6496,41.1669,-8.6496,41.1669
834,-8.6496,41.1669,-8.6496,41.1669
835,-8.6495,41.1671,-8.6495,41.1671
836,-8.6496,41.1670,-8.6496,41.1670
837,-8.6495,41.1670,-8.6495,41.1670
838,-8.6495,41.1669,-8.6495,41.1669
839,-8.6495,41.1669,-8.6495,41.1669
840,-8.6495,41.1669,-8.6495,41.1669
841,-8.6496,41.1669,-8.6496,41.1669
842,-8.6496,41.1670,-8.6496,41.1670
843,-8.6496,41.1669,-8.6496,41.1669
844,-8.6496,41.1669,-8.6496,41.1669
845,-8.6497,41.1669,-8.6497,41.1669
846,-8.6497,41.1668,-8.6497,41.1668
847,-8.6497,41.1667,-8.6497,41.1667
848,-8.6498,41.1667,-8.6498,41.1667
849,-8.6498,41.1668,-8.6498,41.1668
850,-8.6498,41.1668,-8.6498,41.1668
851,-8.6499,41.1668,-8.6499,41.1668
852,-8.6499,41.1668,-8.6499,41.1668
853,-8.6499,41.1668,-8.6499,41.1668
854,-8.6499,41.1668,-8.6499,41.1668
855,-8.6499,41.1668,-8.6499,41.1668
856,-8.6499,41.1668,-8.6499,41.1668
857,-8.6499,41.1668,-8.6499,41.1668
858,-8.6498,41.1668,-8.6498,41.1668
859,-8.6498,41.1669,-8.6498,41.1669
860,-8.6497,41.1669,-8.6497,41.1669
861,-8.6497,41.1669,-8.6497,41.1669
862,-8.6497,41.1669,-8.6497,41.1669
863,-8.6497,41.1668,-8.6497,41.1668
864,-8.6498,41.1669,-8.6498,41.1669
865,-8.6497,41.1669,-8.6497,41.1669
866,-8.6497,41.1670,-8.6497,41.1670
867,-8.6497,41.1670,-8.6497,41.1670
868,-8.6497,41.1670,-8.6497,41.1670
869,-8.6497,41.1670,-8.6497,41.1670
870,-8.6496,41.1671,-8.6496,41.1671
871,-8.6497,41.1671,-8.6497,41.1671
872,-8.6498,41.1671,-8.6498,41.1671
873,-8.6499,41.1671,-8.6499,41.1671
874,-8.6499,41.1671,-8.6499,41.1671
875,-8.6499,41.1672,-8.6499,41.1672
876,-8.6499,41.1672,-8.6499,41.1672
877,-8.6499,41.1672,-8.6499,41.1672
878,-8.6499,41.1672,-8.6499,41.1672
879,-8.6499,41.1672,-8.6499,41.1672
880,-8.6499,41.1672,-8.6499,41.1672
881,-8.6498,41.1672,-8.6498,41.1672
882,-8.6498,41.1672,-8.6498,41.1672
883,-8.6498,41.1672,-8.6498,41.1672
884,-8.6498,41.1672,-8.6498,41.1672
885,-8.6498,41.1671,-8.6498,41.1671
886,-8.6498,41.1671,-8.6498,41.1671
887,-8.6498,41.1671,-8.6498,41.1671
888,-8.6498,41.1671,-8.6498,41.1671
889,-8.6498,41.1671,-8.6498,41.1671
890,-8.6499,41.1672,-8.6499,41.1672
891,-8.6499,41.1672,-8.6499,41.1672
892,-8.6499,41.1672,-8.6499,41.1672
893,-8.6499,41.1672,-8.6499,41.1672
894,-8.6499,41.1672,-8.6499,41.1672
895,-8.6499,41.1672,-8.6499,41.1672
896,-8.6499,41.1673,-8.6499,41.1673
897,-8.6499,41.1673,-8.6499,41.1673
898,-8.6499,41.1672,-8.6499,41.1672
899,-8.6498,41.1672,-8.6498,41.1672
900,-8.6497,41.1671,-8.6497,41.1671
901,-8.6497,41.1671,-8.6497,41.1671
902,-8.6497,41.1672,-8.6497,41.1672
903,-8.6497,41.1672,-8.6497,41.1672
904,-8.6497,41.1672,-8.6497,41.1672
905,-8.6497,41.1672,-8.6497,41.1672
906,-8.6498,41.1673,-8.6498,41.1673
907,-8.6498,41.1673,-8.6498,41.1673
908,-8.6498,41.1673,-8.6498,41.1673
909,-8.6498,41.1673,-8.6498,41.1673
910,-8.6498,41.1673,-8.6498,41.1673
911,-8.6498,41.1673,-8.6498,41.1673
912,-8.6498,41.1672,-8.6498,41.1672
913,-8.6498,41.1671,-8.6498,41.1671
914,-8.6499,41.1671,-8.6499,41.1671
915,-8.6499,41.1671,-8.6499,41.1671
916,-8.6499,41.1671,-8.6499,41.1671
917,-8.6499,41.1671,-8.6499,41.1671
918,-8.6499,41.1672,-8.6499,41.1672
919,-8.6500,41.1672,-8.6500,41.1672
920,-8.6500,41.1672,-8.6500,41.1672
921,-8.6500,41.1673,-8.6500,41.1673
922,-8.6500,41.1672,-8.6500,41.1672
923,-8.6500,41.1672,-8.6500,41.1672
924,-8.6500,41.1672,-8.6500,41.1672
925,-8.6500,41.1672,-8.6500,41.1672
926,-8.6500,41.1672,-8.6500,41.1672
927,-8.6499,41.1671,-8.6499,41.1671
928,-8.6499,41.1671,-8.6499,41.1671
929,-8.6499,41.1671,-8.6499,41.1671
930,-8.6498,41.1671,-8.6498,41.1671
931,-8.6497,41.1670,-8.6497,41.1670
932,-8.6497,41.1670,-8.6497,41.1670
933,-8.6498,41.1671,-8.6498,41.1671
934,-8.6498,41.1671,-8.6498,41.1671
935,-8.6498,41.1671,-8.6498,41.1671
936,-8.6498,41.1671,-8.6498,41.1671
937,-8.6498,41.1671,-8.6498,41.1671
938,-8.6499,41.1672,-8.6499,41.1672
939,-8.6499,41.1672,-8.6499,41.1672
940,-8.6499,41.1673,-8.6499,41.1673
941,-8.6499,41.1673,-8.6499,41.1673
942,-8.6499,41.1673,-8.6499,41.1673
943,-8.6500,41.1673,-8.6500,41.1673
944,-8.6500,41.1673,-8.6500,41.1673
945,-8.6500,41.1673,-8.6500,41.1673
946,-8.6500,41.1673,-8.6500,41.1673
947,-8.6500,41.1673,-8.6500,41.1673
948,-8.6500,41.1674,-8.6500,41.1674
949,-8.6500,41.1673,-8.6500,41.1673
950,-8.6499,41.1673,-8.6499,41.1673
951,-8.6498,41.1673,-8.6498,41.1673
952,-8.6498,41.1673,-8.6498,41.1673
953,-8.6498,41.1673,-8.6498,41.1673
954,-8.6498,41.1673,-8.6498,41.1673
955,-8.6498,41.1673,-8.6498,41.1673
956,-8.6499,41.1673,-8.6499,41.1673
957,-8.6499,41.1674,-8.6499,41.1674
958,-8.6499,41.1674,-8.6499,41.1674
959,-8.6499,41.1674,-8.6499,41.1674
960,-8.6499,41.1674,-8.6499,41.1674
961,-8.6499,41.1673,-8.6499,41.1673
962,-8.6500,41.1674,-8.6500,41.1674
963,-8.6500,41.1674,-8.6500,41.1674
964,-8.6499,41.1673,-8.6499,41.1673
965,-8.6499,41.1672,-8.6499,41.1672
966,-8.6499,41.1672,-8.6499,41.1672
967,-8.6500,41.1673,-8.6500,41.1673
968,-8.6500,41.1673,-8.6500,41.1673
969,-8.6500,41.1674,-8.6500,41.1674
970,-8.6500,41.1674,-8.6500,41.1674
971,-8.6500,41.1674,-8.6500,41.1674
972,-8.6500,41.1674,-8.6500,41.1674
973,-8.6500,41.1674,-8.6500,41.1674
974,-8.6500,41.1674,-8.6500,41.1674
975,-8.6501,41.1674,-8.6501,41.1674
976,-8.6501,41.1674,-8.6501,41.1674
977,-8.6501,41.1674,-8.6501,41.1674
978,-8.6501,41.1674,-8.6501,41.1674
979,-8.6501,41.1673,-8.6501,41.1673
980,-8.6500,41.1673,-8.6500,41.1673
981,-8.6500,41.1673,-8.6500,41.1673
982,-8.6500,41.1672,-8.6500,41.1672
983,-8.6500,41.1672,-8.6500,41.1672
984,-8.6500,41.1672,-8.6500,41.1672
985,-8.6500,41.1673,-8.6500,41.1673
986,-8.6500,41.1673,-8.6500,41.1673
987,-8.6500,41.1672,-8.6500,41.1672
988,-8.6500,41.1673,-8.6500,41.1673
989,-8.6500,41.1673,-8.6500,41.1673
990,-8.6500,41.1673,-8.6500,41.1673
991,-8.6500,41.1674,-8.6500,41.1674
992,-8.6500,41.1674,-8.6500,41.1674
993,-8.6500,41.1674,-8.6500,41.1674
994,-8.6499,41.1672,-8.6499,41.1672
995,-8.6499,41.1672,-8.6499,41.1672
996,-8.6499,41.1672,-8.6499,41.1672
997,-8.6499,41.1672,-8.6499,41.1672
998,-8.6499,41.1673,-8.6499,41.1673
999,-8.6499,41.1673,-8.6499,41.1673
1000,-8.6499,41.1673,-8.6499,41.1673
1001,-8.6499,41.1673,-8.6499,41.1673
1002,-8.1786,41.2344,-8.1786,41.2344
1003,-8.1844,41.2363,-8.1844,41.2363
1004,-8.6499,41.1673,-8.6499,41.1673
1005,-8.6499,41.1673,-8.6499,41.1673
1006,-8.6499,41.1673,-8.6499,41.1673
1007,-8.6499,41.1673,-8.6499,41.1673
1008,-8.6499,41.1673,-8.6499,41.1673
1009,-8.6499,41.1673,-8.6499,41.1673
1010,-8.6499,41.1673,-8.6499,41.1673
1011,-8.6498,41.1672,-8.6498,41.1672
1012,-8.6498,41.1671,-8.6498,41.1671
1013,-8.6497,41.1671,-8.6497,41.1671
1014,-8.6497,41.1671,-8.6497,41.1671
1015,-8.6497,41.1671,-8.6497,41.1671
1016,-8.6497,41.1671,-8.6497,41.1671
1017,-8.6498,41.1671,-8.6498,41.1671
1018,-8.6499,41.1671,-8.6499,41.1671
1019,-8.6499,41.1671,-8.6499,41.1671
1020,-8.6499,41.1671,-8.6499,41.1671
1021,-8.6499,41.1671,-8.6499,41.1671
1022,-8.6499,41.1671,-8.6499,41.1671
1023,-8.6499,41.1671,-8.6499,41.1671
1024,-8.6499,41.1671,-8.6499,41.1671
1025,-8.6499,41.1671,-8.6499,41.1671
1026,-8.6500,41.1671,-8.6500,41.1671
1027,-8.6500,41.1671,-8.6500,41.1671
1028,-8.6500,41.1671,-8.6500,41.1671
1029,-8.6501,41.1671,-8.6501,41.1671
1030,-8.6501,41.1671,-8.6501,41.1671
1031,-8.6500,41.1671,-8.6500,41.1671
1032,-8.6500,41.1671,-8.6500,41.1671
1033,-8.6500,41.1671,-8.6500,41.1671
1034,-8.6500,41.1671,-8.6500,41.1671
1035,-8.6499,41.1671,-8.6499,41.1671
1036,-8.6498,41.1671,-8.6498,41.1671
1037,-8.6498,41.1671,-8.6498,41.1671
1038,-8.6498,41.1671,-8.6498,41.1671
1039,-8.6498,41.1671,-8.6498,41.1671
1040,-8.6498,41.1671,-8.6498,41.1671
1041,-8.6498,41.1671,-8.6498,41.1671
1042,-8.6498,41.1671,-8.6498,41.1671
1043,-8.6498,41.1671,-8.6498,41.1671
1044,-8.6499,41.1671,-8.6499,41.1671
1045,-8.6498,41.1671,-8.6498,41.1671
1046,-8.6499,41.1671,-8.6499,41.1671
1047,-8.6499,41.1671,-8.6499,41.1671
1048,-8.6498,41.1671,-8.6498,41.1671
1049,-8.6498,41.1671,-8.6498,41.1671
1050,-8.6498,41.1671,-8.6498,41.1671
1051,-8.6498,41.1671,-8.6498,41.1671
1052,-8.6498,41.1671,-8.6498,41.1671
1053,-8.6498,41.1671,-8.6498,41.1671
1054,-8.6498,41.1671,-8.6498,41.1671
1055,-8.6498,41.1671,-8.6498,41.1671
1056,-8.6498,41.1671,-8.6498,41.1671
1057,-8.6498,41.1671,-8.6498,41.1671
1058,-8.6498,41.1671,-8.6498,41.1671
1059,-8.6498,41.1671,-8.6498,41.1671
1060,-8.6498,41.1671,-8.6498,41.1671
1061,-8.6498,41.1671,-8.6498,41.1671
1062,-8.6498,41.1671,-8.6498,41.1671
1063,-8.6498,41.1671,-8.6498,41.1671
1064,-8.6498,41.1671,-8.6498,41.1671
1065,-8.6498,41.1670,-8.6498,41.1670
1066,-8.6498,41.1670,-8.6498,41.1670
1067,-8.6498,41.1670,-8.6498,41.1670
1068,-8.6498,41.1671,-8.6498,41.1671
1069,-8.6498,41.1671,-8.6498,41.1671
1070,-8.6498,41.1671,-8.6498,41.1671
1071,-8.6498,41.1671,-8.6498,41.1671
1072,-8.6498,41.1671,-8.6498,41.1671
1073,-8.6497,41.1671,-8.6497,41.1671
1074,-8.6497,41.1671,-8.6497,41.1671
1075,-8.6497,41.1671,-8.6497,41.1671
1076,-8.6497,41.1671,-8.6497,41.1671
1077,-8.6497,41.1671,-8.6497,41.1671
1078,-8.6497,41.1671,-8.6497,41.1671
1079,-8.6498,41.1671,-8.6498,41.1671
1080,-8.6497,41.1671,-8.6497,41.1671
1081,-8.6497,41.1670,-8.6497,41.1670
1082,-8.6498,41.1671,-8.6498,41.1671
1083,-8.6498,41.1671,-8.6498,41.1671
1084,-8.6498,41.1671,-8.6498,41.1671
1085,-8.6498,41.1670,-8.6498,41.1670
1086,-8.6498,41.1670,-8.6498,41.1670
1087,-8.6498,41.1670,-8.6498,41.1670
1088,-8.6498,41.1671,-8.6498,41.1671
1089,-8.6498,41.1671,-8.6498,41.1671
1090,-8.6498,41.1671,-8.6498,41.1671
1091,-8.6498,41.1671,-8.6498,41.1671
1092,-8.6497,41.1671,-8.6497,41.1671
1093,-8.6497,41.1671,-8.6497,41.1671
1094,-8.6497,41.1671,-8.6497,41.1671
1095,-8.6497,41.1671,-8.6497,41.1671
1096,-8.6497,41.1671,-8.6497,41.1671
1097,-8.6497,41.1671,-8.6497,41.1671
1098,-8.6497,41.1671,-8.6497,41.1671
1099,-8.6497,41.1671,-8.6497,41.1671
1100,-8.6497,41.1671,-8.6497,41.1671
1101,-8.6497,41.1671,-8.6497,41.1671
1102,-8.6498,41.1671,-8.6498,41.1671
1103,-8.6498,41.1671,-8.6498,41.1671
1104,-8.6498,41.1671,-8.6498,41.1671
1105,-8.6498,41.1672,-8.6498,41.1672
1106,-8.6497,41.1671,-8.6497,41.1671
1107,-8.6497,41.1671,-8.6497,41.1671
1108,-8.6497,41.1672,-8.6497,41.1672
1109,-8.6497,41.1672,-8.6497,41.1672
1110,-8.6497,41.1671,-8.6497,41.1671
1111,-8.6497,41.1672,-8.6497,41.1672
1112,-8.6497,41.1671,-8.6497,41.1671
1113,-8.6497,41.1671,-8.6497,41.1671
1114,-8.6497,41.1671,-8.6497,41.1671
1115,-8.6497,41.1671,-8.6497,41.1671
1116,-8.6497,41.1671,-8.6497,41.1671
1117,-8.6497,41.1671,-8.6497,41.1671
1118,-8.6497,41.1671,-8.6497,41.1671
1119,-8.6497,41.1671,-8.6497,41.1671
1120,-8.6497,41.1671,-8.6497,41.1671
1121,-8.6497,41.1671,-8.6497,41.1671
1122,-8.6497,41.1671,-8.6497,41.1671
1123,-8.6497,41.1671,-8.6497,41.1671
1124,-8.6498,41.1671,-8.6498,41.1671
1125,-8.6498,41.1671,-8.6498,41.1671
1126,-8.6498,41.1671,-8.6498,41.1671
1127,-8.6497,41.1671,-8.6497,41.1671
1128,-8.6497,41.1671,-8.6497,41.1671
1129,-8.6497,41.1671,-8.6497,41.1671
1130,-8.6497,41.1671,-8.6497,41.1671
1131,-8.6497,41.1671,-8.6497,41.1671
1132,-8.6497,41.1671,-8.6497,41.1671
1133,-8.6497,41.1671,-8.6497,41.1671
1134,-8.6498,41.1671,-8.6498,41.1671
1135,-8.6498,41.1671,-8.6498,41.1671
1136,-8.6498,41.1671,-8.6498,41.1671
1137,-8.6498,41.1671,-8.6498,41.1671
1138,-8.6497,41.1671,-8.6497,41.1671
1139,-8.6497,41.1671,-8.6497,41.1671
1140,-8.6497,41.1671,-8.6497,41.1671
1141,-8.6497,41.1672,-8.6497,41.1672
1142,-8.6497,41.1672,-8.6497,41.1672
1143,-8.6497,41.1671,-8.6497,41.1671
1144,-8.6497,41.1671,-8.6497,41.1671
1145,-8.6497,41.1671,-8.6497,41.1671
1146,-8.6497,41.1671,-8.6497,41.1671
1147,-8.6497,41.1671,-8.6497,41.1671
1148,-8.6498,41.1671,-8.6498,41.1671
1149,-8.6498,41.1671,-8.6498,41.1671
1150,-8.6498,41.1671,-8.6498,41.1671
1151,-8.6498,41.1671,-8.6498,41.1671
1152,-8.6498,41.1671,-8.6498,41.1671
1153,-8.6498,41.1671,-8.6498,41.1671
1154,-8.6498,41.1671,-8.6498,41.1671
1155,-8.6498,41.1671,-8.6498,41.1671
1156,-8.6498,41.1671,-8.6498,41.1671
1157,-8.6498,41.1671,-8.6498,41.1671
1158,-8.6498,41.1671,-8.6498,41.1671
1159,-8.6498,41.1671,-8.6498,41.1671
1160,-8.6498,41.1671,-8.6498,41.1671
1161,-8.6498,41.1671,-8.6498,41.1671
1162,-8.6498,41.1671,-8.6498,41.1671
1163,-8.6498,41.1671,-8.6498,41.1671
1164,-8.6498,41.1672,-8.6498,41.1672
1165,-8.6497,41.1672,-8.6497,41.1672
1166,-8.6497,41.1672,-8.6497,41.1672
1167,-8.6497,41.1672,-8.6497,41.1672
1168,-8.6497,41.1672,-8.6497,41.1672
1169,-8.6497,41.1672,-8.6497,41.1672
1170,-8.6497,41.1672,-8.6497,41.1672
1171,-8.6497,41.1672,-8.6497,41.1672
1172,-8.6497,41.1672,-8.6497,41.1672
1173,-8.6497,41.1672,-8.6497,41.1672
1174,-8.6497,41.1672,-8.6497,41.1672
1175,-8.6497,41.1672,-8.6497,41.1672
1176,-8.6497,41.1672,-8.6497,41.1672
1177,-8.6497,41.1671,-8.6497,41.1671
1178,-8.6497,41.1671,-8.6497,41.1671
1179,-8.6497,41.1672,-8.6497,41.1672
1180,-8.6497,41.1672,-8.6497,41.1672
1181,-8.6498,41.1672,-8.6498,41.1672
1182,-8.6497,41.1672,-8.6497,41.1672
1183,-8.6497,41.1671,-8.6497,41.1671
1184,-8.6497,41.1672,-8.6497,41.1672
1185,-8.6497,41.1672,-8.6497,41.1672
1186,-8.6497,41.1672,-8.6497,41.1672
1187,-8.6497,41.1672,-8.6497,41.1672
1188,-8.6497,41.1671,-8.6497,41.1671
1189,-8.6497,41.1672,-8.6497,41.1672
1190,-8.6497,41.1672,-8.6497,41.1672
1191,-8.6497,41.1672,-8.6497,41.1672
1192,-8.6498,41.1672,-8.6498,41.1672
1193,-8.6498,41.1672,-8.6498,41.1672
1194,-8.6498,41.1672,-8.6498,41.1672
1195,-8.6498,41.1672,-8.6498,41.1672
1196,-8.6498,41.1672,-8.6498,41.1672
1197,-8.6498,41.1671,-8.6498,41.1671
1198,-8.6498,41.1672,-8.6498,41.1672
1199,-8.6497,41.1672,-8.6497,41.1672
1200,-8.6497,41.1672,-8.6497,41.1672
1201,-8.6497,41.1672,-8.6497,41.1672
1202,-8.6498,41.1672,-8.6498,41.1672
1203,-8.6498,41.1672,-8.6498,41.1672
1204,-8.6497,41.1672,-8.6497,41.1672
1205,-8.6497,41.1672,-8.6497,41.1672
1206,-8.6497,41.1672,-8.6497,41.1672
1207,-8.6497,41.1672,-8.6497,41.1672
1208,-8.6497,41.1672,-8.6497,41.1672
1209,-8.6498,41.1672,-8.6498,41.1672
1210,-8.6498,41.1672,-8.6498,41.1672
1211,-8.6498,41.1672,-8.6498,41.1672
1212,-8.6498,41.1672,-8.6498,41.1672
1213,-8.6498,41.1672,-8.6498,41.1672
1214,-8.6497,41.1672,-8.6497,41.1672
1215,-8.6497,41.1672,-8.6497,41.1672
1216,-8.6498,41.1672,-8.6498,41.1672
1217,-8.6498,41.1672,-8.6498,41.1672
1218,-8.6498,41.1672,-8.6498,41.1672
1219,-8.6498,41.1672,-8.6498,41.1672
1220,-8.6498,41.1672,-8.6498,41.1672
1221,-8.6498,41.1672,-8.6498,41.1672
1222,-8.6498,41.1672,-8.6498,41.1672
1223,-8.6498,41.1672,-8.6498,41.1672
1224,-8.6498,41.1672,-8.6498,41.1672
1225,-8.6498,41.1672,-8.6498,41.1672
1226,-8.6497,41.1672,-8.6497,41.1672
1227,-8.6497,41.1672,-8.6497,41.1672
1228,-8.6498,41.1672,-8.6498,41.1672
1229,-8.6498,41.1672,-8.6498,41.1672
1230,-8.6498,41.1672,-8.6498,41.1672
1231,-8.6498,41.1672,-8.6498,41.1672
1232,-8.6498,41.1672,-8.6498,41.1672
1233,-8.6499,41.1671,-8.6499,41.1671
1234,-8.6499,41.1671,-8.6499,41.1671
1235,-8.6498,41.1669,-8.6498,41.1669
