1,-8.6076,41.1623,-8.6076,41.1623
2,-8.6097,41.1626,-8.6097,41.1626
3,-8.6109,41.1628,-8.6109,41.1628
4,-8.6130,41.1630,-8.6130,41.1630
5,-8.6139,41.1631,-8.6139,41.1631
6,-8.6148,41.1633,-8.6148,41.1633
7,-8.6159,41.1634,-8.6159,41.1634
8,-8.6161,41.1634,-8.6161,41.1634
9,-8.6180,41.1636,-8.6180,41.1636
10,-8.6200,41.1639,-8.6200,41.1639
11,-8.6202,41.1639,-8.6202,41.1639
12,-8.6205,41.1640,-8.6205,41.1640
13,-8.6206,41.1642,-8.6206,41.1642
14,-8.6206,41.1642,-8.6206,41.1642
15,-8.6207,41.1641,-8.6207,41.1641
16,-8.6207,41.1641,-8.6207,41.1641
17,-8.6207,41.1641,-8.6207,41.1641
18,-8.6207,41.1641,-8.6207,41.1641
19,-8.6207,41.1641,-8.6207,41.1641
20,-8.6207,41.1641,-8.6207,41.1641
21,-8.6207,41.1641,-8.6207,41.1641
22,-8.6207,41.1641,-8.6207,41.1641
23,-8.6207,41.1641,-8.6207,41.1641
24,-8.6207,41.1641,-8.6207,41.1641
25,-8.6207,41.1641,-8.6207,41.1641
26,-8.6207,41.1641,-8.6207,41.1641
27,-8.6207,41.1641,-8.6207,41.1641
28,-8.6207,41.1641,-8.6207,41.1641
29,-8.6207,41.1641,-8.6207,41.1641
30,-8.6207,41.1641,-8.6207,41.1641
31,-8.6207,41.1641,-8.6207,41.1641
32,-8.6207,41.1640,-8.6207,41.1640
33,-8.6207,41.1640,-8.6207,41.1640
34,-8.6207,41.1640,-8.6207,41.1640
35,-8.6207,41.1640,-8.6207,41.1640
36,-8.6207,41.1640,-8.6207,41.1640
37,-8.6207,41.1640,-8.6207,41.1640
38,-8.6207,41.1640,-8.6207,41.1640
39,-8.6207,41.1640,-8.6207,41.1640
40,-8.6207,41.1640,-8.6207,41.1640
41,-8.6207,41.1640,-8.6207,41.1640
42,-8.6207,41.1641,-8.6207,41.1641
43,-8.6207,41.1641,-8.6207,41.1641
44,-8.6207,41.1641,-8.6207,41.1641
45,-8.6207,41.1641,-8.6207,41.1641
46,-8.6207,41.1641,-8.6207,41.1641
47,-8.6207,41.1641,-8.6207,41.1641
48,-8.6206,41.1641,-8.6206,41.1641
49,-8.6207,41.1641,-8.6207,41.1641
50,-8.6207,41.1641,-8.6207,41.1641
51,-8.6207,41.1641,-8.6207,41.1641
52,-8.6207,41.1641,-8.6207,41.1641
53,-8.6207,41.1641,-8.6207,41.1641
54,-8.6207,41.1641,-8.6207,41.1641
55,-8.6207,41.1641,-8.6207,41.1641
56,-8.6206,41.1641,-8.6206,41.1641
57,-8.6206,41.1641,-8.6206,41.1641
58,-8.6206,41.1641,-8.6206,41.1641
59,-8.6206,41.1641,-8.6206,41.1641
60,-8.6206,41.1641,-8.6206,41.1641
61,-8.6206,41.1640,-8.6206,41.1640
62,-8.6206,41.1640,-8.6206,41.1640
63,-8.6206,41.1641,-8.6206,41.1641
64,-8.6206,41.1641,-8.6206,41.1641
65,-8.6206,41.1641,-8.6206,41.1641
66,-8.6206,41.1641,-8.6206,41.1641
67,-8.6206,41.1641,-8.6206,41.1641
68,-8.6206,41.1641,-8.6206,41.1641
69,-8.6206,41.1641,-8.6206,41.1641
70,-8.6206,41.1641,-8.6206,41.1641
71,-8.6206,41.1641,-8.6206,41.1641
72,-8.6206,41.1642,-8.6206,41.1642
73,-8.6206,41.1642,-8.6206,41.1642
74,-8.6206,41.1642,-8.6206,41.1642
75,-8.6206,41.1642,-8.6206,41.1642
76,-8.6206,41.1642,-8.6206,41.1642
77,-8.6206,41.1642,-8.6206,41.1642
78,-8.6206,41.1642,-8.6206,41.1642
79,-8.6206,41.1642,-8.6206,41.1642
80,-8.6206,41.1642,-8.6206,41.1642
81,-8.6206,41.1642,-8.6206,41.1642
82,-8.6206,41.1642,-8.6206,41.1642
83,-8.6206,41.1642,-8.6206,41.1642
84,-8.6206,41.1642,-8.6206,41.1642
85,-8.6206,41.1642,-8.6206,41.1642
86,-8.6206,41.1641,-8.6206,41.1641
87,-8.6206,41.1641,-8.6206,41.1641
88,-8.6206,41.1641,-8.6206,41.1641
89,-8.6206,41.1642,-8.6206,41.1642
90,-8.6206,41.1641,-8.6206,41.1641
91,-8.6206,41.1641,-8.6206,41.1641
92,-8.6206,41.1642,-8.6206,41.1642
93,-8.6206,41.1642,-8.6206,41.1642
94,-8.6206,41.1642,-8.6206,41.1642
95,-8.6206,41.1642,-8.6206,41.1642
96,-8.6206,41.1642,-8.6206,41.1642
97,-8.6206,41.1642,-8.6206,41.1642
98,-8.6206,41.1642,-8.6206,41.1642
99,-8.6206,41.1642,-8.6206,41.1642
100,-8.6206,41.1642,-8.6206,41.1642
101,-8.6205,41.1642,-8.6205,41.1642
102,-8.6205,41.1642,-8.6205,41.1642
103,-8.6205,41.1642,-8.6205,41.1642
104,-8.6205,41.1642,-8.6205,41.1642
105,-8.6205,41.1642,-8.6205,41.1642
106,-8.6205,41.1642,-8.6205,41.1642
107,-8.6205,41.1641,-8.6205,41.1641
108,-8.6205,41.1642,-8.6205,41.1642
109,-8.6205,41.1642,-8.6205,41.1642
110,-8.6205,41.1642,-8.6205,41.1642
111,-8.6206,41.1642,-8.6206,41.1642
112,-8.6206,41.1642,-8.6206,41.1642
113,-8.6206,41.1642,-8.6206,41.1642
114,-8.6206,41.1642,-8.6206,41.1642
115,-8.6206,41.1642,-8.6206,41.1642
116,-8.6206,41.1642,-8.6206,41.1642
117,-8.6206,41.1642,-8.6206,41.1642
118,-8.6206,41.1642,-8.6206,41.1642
119,-8.6206,41.1642,-8.6206,41.1642
120,-8.6206,41.1642,-8.6206,41.1642
121,-8.6206,41.1642,-8.6206,41.1642
122,-8.6206,41.1642,-8.6206,41.1642
123,-8.6206,41.1641,-8.6206,41.1641
124,-8.6206,41.1641,-8.6206,41.1641
125,-8.6206,41.1642,-8.6206,41.1642
126,-8.6206,41.1642,-8.6206,41.1642
127,-8.6206,41.1642,-8.6206,41.1642
128,-8.6206,41.1642,-8.6206,41.1642
129,-8.6206,41.1642,-8.6206,41.1642
130,-8.6206,41.1642,-8.6206,41.1642
131,-8.6206,41.1642,-8.6206,41.1642
132,-8.6206,41.1642,-8.6206,41.1642
133,-8.6206,41.1642,-8.6206,41.1642
134,-8.6206,41.1642,-8.6206,41.1642
135,-8.6206,41.1642,-8.6206,41.1642
136,-8.6206,41.1642,-8.6206,41.1642
137,-8.6206,41.1642,-8.6206,41.1642
138,-8.6206,41.1642,-8.6206,41.1642
139,-8.6206,41.1642,-8.6206,41.1642
140,-8.6206,41.1642,-8.6206,41.1642
141,-8.6206,41.1642,-8.6206,41.1642
142,-8.6206,41.1642,-8.6206,41.1642
143,-8.6206,41.1641,-8.6206,41.1641
144,-8.6206,41.1641,-8.6206,41.1641
145,-8.6206,41.1641,-8.6206,41.1641
146,-8.6206,41.1641,-8.6206,41.1641
147,-8.6206,41.1641,-8.6206,41.1641
148,-8.6206,41.1641,-8.6206,41.1641
149,-8.6206,41.1641,-8.6206,41.1641
150,-8.6206,41.1642,-8.6206,41.1642
151,-8.6206,41.1642,-8.6206,41.1642
152,-8.6206,41.1642,-8.6206,41.1642
153,-8.6206,41.1642,-8.6206,41.1642
154,-8.6206,41.1642,-8.6206,41.1642
155,-8.6206,41.1642,-8.6206,41.1642
156,-8.6206,41.1642,-8.6206,41.1642
157,-8.6206,41.1642,-8.6206,41.1642
158,-8.6206,41.1642,-8.6206,41.1642
159,-8.6206,41.1641,-8.6206,41.1641
160,-8.6206,41.1642,-8.6206,41.1642
161,-8.6206,41.1642,-8.6206,41.1642
162,-8.6206,41.1642,-8.6206,41.1642
163,-8.6206,41.1641,-8.6206,41.1641
164,-8.6206,41.1641,-8.6206,41.1641
165,-8.6206,41.1641,-8.6206,41.1641
166,-8.6206,41.1641,-8.6206,41.1641
167,-8.6206,41.1641,-8.6206,41.1641
168,-8.6206,41.1641,-8.6206,41.1641
169,-8.6206,41.1641,-8.6206,41.1641
170,-8.6206,41.1642,-8.6206,41.1642
171,-8.6206,41.1642,-8.6206,41.1642
172,-8.6206,41.1642,-8.6206,41.1642
173,-8.6206,41.1642,-8.6206,41.1642
174,-8.6205,41.1642,-8.6205,41.1642
175,-8.6205,41.1642,-8.6205,41.1642
176,-8.6205,41.1642,-8.6205,41.1642
177,-8.6205,41.1642,-8.6205,41.1642
178,-8.6205,41.1642,-8.6205,41.1642
179,-8.6205,41.1642,-8.6205,41.1642
180,-8.6205,41.1642,-8.6205,41.1642
181,-8.6205,41.1642,-8.6205,41.1642
182,-8.6205,41.1642,-8.6205,41.1642
183,-8.6205,41.1642,-8.6205,41.1642
184,-8.6205,41.1642,-8.6205,41.1642
185,-8.6205,41.1642,-8.6205,41.1642
186,-8.6206,41.1642,-8.6206,41.1642
187,-8.6206,41.1642,-8.6206,41.1642
188,-8.6206,41.1642,-8.6206,41.1642
189,-8.6206,41.1642,-8.6206,41.1642
190,-8.6206,41.1642,-8.6206,41.1642
191,-8.6206,41.1641,-8.6206,41.1641
192,-8.6206,41.1642,-8.6206,41.1642
193,-8.6206,41.1642,-8.6206,41.1642
194,-8.6206,41.1642,-8.6206,41.1642
195,-8.6206,41.1641,-8.6206,41.1641
196,-8.6206,41.1642,-8.6206,41.1642
197,-8.6206,41.1642,-8.6206,41.1642
198,-8.6206,41.1642,-8.6206,41.1642
199,-8.6206,41.1642,-8.6206,41.1642
200,-8.6206,41.1642,-8.6206,41.1642
201,-8.6206,41.1642,-8.6206,41.1642
202,-8.6206,41.1642,-8.6206,41.1642
203,-8.6206,41.1642,-8.6206,41.1642
204,-8.6206,41.1642,-8.6206,41.1642
205,-8.6205,41.1642,-8.6205,41.1642
206,-8.6205,41.1642,-8.6205,41.1642
207,-8.6205,41.1642,-8.6205,41.1642
208,-8.6205,41.1642,-8.6205,41.1642
209,-8.6206,41.1642,-8.6206,41.1642
210,-8.6206,41.1642,-8.6206,41.1642
211,-8.6206,41.1642,-8.6206,41.1642
212,-8.6206,41.1642,-8.6206,41.1642
213,-8.6206,41.1642,-8.6206,41.1642
214,-8.6206,41.1642,-8.6206,41.1642
215,-8.6206,41.1641,-8.6206,41.1641
216,-8.6206,41.1641,-8.6206,41.1641
217,-8.6206,41.1641,-8.6206,41.1641
218,-8.6206,41.1641,-8.6206,41.1641
219,-8.6206,41.1641,-8.6206,41.1641
220,-8.6206,41.1641,-8.6206,41.1641
221,-8.6206,41.1641,-8.6206,41.1641
222,-8.6206,41.1642,-8.6206,41.1642
223,-8.6206,41.1642,-8.6206,41.1642
224,-8.6206,41.1642,-8.6206,41.1642
225,-8.6206,41.1642,-8.6206,41.1642
226,-8.6206,41.1642,-8.6206,41.1642
227,-8.6206,41.1642,-8.6206,41.1642
228,-8.6205,41.1642,-8.6205,41.1642
229,-8.6205,41.1642,-8.6205,41.1642
230,-8.6206,41.1642,-8.6206,41.1642
231,-8.6206,41.1642,-8.6206,41.1642
232,-8.6206,41.1642,-8.6206,41.1642
233,-8.6206,41.1642,-8.6206,41.1642
234,-8.6206,41.1641,-8.6206,41.1641
235,-8.6206,41.1641,-8.6206,41.1641
236,-8.6206,41.1641,-8.6206,41.1641
237,-8.6206,41.1641,-8.6206,41.1641
238,-8.6206,41.1641,-8.6206,41.1641
239,-8.6206,41.1641,-8.6206,41.1641
240,-8.6206,41.1641,-8.6206,41.1641
241,-8.6205,41.1641,-8.6205,41.1641
242,-8.6205,41.1641,-8.6205,41.1641
243,-8.6205,41.1641,-8.6205,41.1641
244,-8.6205,41.1641,-8.6205,41.1641
245,-8.6206,41.1641,-8.6206,41.1641
246,-8.6206,41.1641,-8.6206,41.1641
247,-8.6206,41.1641,-8.6206,41.1641
248,-8.6206,41.1641,-8.6206,41.1641
249,-8.6206,41.1641,-8.6206,41.1641
250,-8.6206,41.1642,-8.6206,41.1642
251,-8.6206,41.1642,-8.6206,41.1642
252,-8.6206,41.1642,-8.6206,41.1642
253,-8.6206,41.1641,-8.6206,41.1641
254,-8.6206,41.1641,-8.6206,41.1641
255,-8.6206,41.1641,-8.6206,41.1641
256,-8.6206,41.1641,-8.6206,41.1641
257,-8.6206,41.1641,-8.6206,41.1641
258,-8.6206,41.1641,-8.6206,41.1641
259,-8.6206,41.1641,-8.6206,41.1641
260,-8.6206,41.1641,-8.6206,41.1641
261,-8.6206,41.1641,-8.6206,41.1641
262,-8.6206,41.1641,-8.6206,41.1641
263,-8.6206,41.1641,-8.6206,41.1641
264,-8.6206,41.1641,-8.6206,41.1641
265,-8.6206,41.1641,-8.6206,41.1641
266,-8.6206,41.1641,-8.6206,41.1641
267,-8.6206,41.1641,-8.6206,41.1641
268,-8.6206,41.1641,-8.6206,41.1641
269,-8.6206,41.1641,-8.6206,41.1641
270,-8.6206,41.1642,-8.6206,41.1642
271,-8.6206,41.1642,-8.6206,41.1642
272,-8.6206,41.1642,-8.6206,41.1642
273,-8.6206,41.1641,-8.6206,41.1641
274,-8.6206,41.1641,-8.6206,41.1641
275,-8.6206,41.1641,-8.6206,41.1641
276,-8.6206,41.1641,-8.6206,41.1641
277,-8.6206,41.1641,-8.6206,41.1641
278,-8.6206,41.1641,-8.6206,41.1641
279,-8.6206,41.1641,-8.6206,41.1641
280,-8.6206,41.1641,-8.6206,41.1641
281,-8.6206,41.1641,-8.6206,41.1641
282,-8.6206,41.1641,-8.6206,41.1641
283,-8.6206,41.1641,-8.6206,41.1641
284,-8.6206,41.1641,-8.6206,41.1641
285,-8.6206,41.1641,-8.6206,41.1641
286,-8.6206,41.1641,-8.6206,41.1641
287,-8.6206,41.1641,-8.6206,41.1641
288,-8.6206,41.1641,-8.6206,41.1641
289,-8.6206,41.1642,-8.6206,41.1642
290,-8.6206,41.1642,-8.6206,41.1642
291,-8.5459,41.1745,-8.5459,41.1745
292,-8.5463,41.1735,-8.5463,41.1735
293,-8.6206,41.1642,-8.6206,41.1642
294,-8.6206,41.1642,-8.6206,41.1642
295,-8.6206,41.1642,-8.6206,41.1642
296,-8.6206,41.1642,-8.6206,41.1642
297,-8.6206,41.1642,-8.6206,41.1642
298,-8.6206,41.1642,-8.6206,41.1642
299,-8.6206,41.1642,-8.6206,41.1642
300,-8.6206,41.1642,-8.6206,41.1642
301,-8.6206,41.1642,-8.6206,41.1642
302,-8.6206,41.1642,-8.6206,41.1642
303,-8.6206,41.1642,-8.6206,41.1642
304,-8.6206,41.1642,-8.6206,41.1642
305,-8.6206,41.1642,-8.6206,41.1642
306,-8.6206,41.1642,-8.6206,41.1642
307,-8.6206,41.1642,-8.6206,41.1642
308,-8.6206,41.1642,-8.6206,41.1642
309,-8.6206,41.1642,-8.6206,41.1642
310,-8.6206,41.1641,-8.6206,41.1641
311,-8.6206,41.1641,-8.6206,41.1641
312,-8.6206,41.1641,-8.6206,41.1641
313,-8.6206,41.1641,-8.6206,41.1641
314,-8.6206,41.1642,-8.6206,41.1642
315,-8.6206,41.1642,-8.6206,41.1642
316,-8.6206,41.1642,-8.6206,41.1642
317,-8.6206,41.1642,-8.6206,41.1642
318,-8.6206,41.1642,-8.6206,41.1642
319,-8.6206,41.1642,-8.6206,41.1642
320,-8.6206,41.1642,-8.6206,41.1642
321,-8.6206,41.1642,-8.6206,41.1642
322,-8.6206,41.1642,-8.6206,41.1642
323,-8.6206,41.1642,-8.6206,41.1642
324,-8.6206,41.1642,-8.6206,41.1642
325,-8.6206,41.1642,-8.6206,41.1642
326,-8.6206,41.1642,-8.6206,41.1642
327,-8.6206,41.1643,-8.6206,41.1643
328,-8.6206,41.1643,-8.6206,41.1643
329,-8.6206,41.1642,-8.6206,41.1642
330,-8.6206,41.1642,-8.6206,41.1642
331,-8.6206,41.1641,-8.6206,41.1641
332,-8.6206,41.1642,-8.6206,41.1642
333,-8.6206,41.1642,-8.6206,41.1642
334,-8.5902,41.1634,-8.5902,41.1634
335,-8.5914,41.1621,-8.5914,41.1621
336,-8.6206,41.1642,-8.6206,41.1642
337,-8.6206,41.1642,-8.6206,41.1642
338,-8.6206,41.1642,-8.6206,41.1642
339,-8.6206,41.1643,-8.6206,41.1643
340,-8.6206,41.1643,-8.6206,41.1643
341,-8.6206,41.1643,-8.6206,41.1643
342,-8.6206,41.1643,-8.6206,41.1643
343,-8.6206,41.1643,-8.6206,41.1643
344,-8.6206,41.1642,-8.6206,41.1642
345,-8.6206,41.1642,-8.6206,41.1642
346,-8.6206,41.1641,-8.6206,41.1641
347,-8.6206,41.1641,-8.6206,41.1641
348,-8.6206,41.1641,-8.6206,41.1641
349,-8.6206,41.1641,-8.6206,41.1641
350,-8.6206,41.1641,-8.6206,41.1641
351,-8.6206,41.1641,-8.6206,41.1641
352,-8.6206,41.1641,-8.6206,41.1641
353,-8.6206,41.1641,-8.6206,41.1641
354,-8.6206,41.1641,-8.6206,41.1641
355,-8.6206,41.1641,-8.6206,41.1641
356,-8.6206,41.1641,-8.6206,41.1641
357,-8.6206,41.1641,-8.6206,41.1641
358,-8.6206,41.1641,-8.6206,41.1641
359,-8.6206,41.1641,-8.6206,41.1641
360,-8.6206,41.1641,-8.6206,41.1641
361,-8.6206,41.1641,-8.6206,41.1641
362,-8.6206,41.1641,-8.6206,41.1641
363,-8.6206,41.1641,-8.6206,41.1641
364,-8.6206,41.1641,-8.6206,41.1641
365,-8.6206,41.1642,-8.6206,41.1642
366,-8.6206,41.1642,-8.6206,41.1642
367,-8.6206,41.1642,-8.6206,41.1642
368,-8.6206,41.1641,-8.6206,41.1641
369,-8.6206,41.1641,-8.6206,41.1641
370,-8.6206,41.1642,-8.6206,41.1642
371,-8.6206,41.1642,-8.6206,41.1642
372,-8.6206,41.1641,-8.6206,41.1641
373,-8.6206,41.1642,-8.6206,41.1642
374,-8.6206,41.1642,-8.6206,41.1642
375,-8.6206,41.1641,-8.6206,41.1641
376,-8.6206,41.1641,-8.6206,41.1641
377,-8.6206,41.1642,-8.6206,41.1642
378,-8.6206,41.1642,-8.6206,41.1642
379,-8.6206,41.1642,-8.6206,41.1642
380,-8.6206,41.1642,-8.6206,41.1642
381,-8.6206,41.1642,-8.6206,41.1642
382,-8.6206,41.1642,-8.6206,41.1642
383,-8.6206,41.1642,-8.6206,41.1642
384,-8.6206,41.1642,-8.6206,41.1642
385,-8.6206,41.1642,-8.6206,41.1642
386,-8.6206,41.1642,-8.6206,41.1642
387,-8.6206,41.1641,-8.6206,41.1641
388,-8.6206,41.1641,-8.6206,41.1641
389,-8.6206,41.1641,-8.6206,41.1641
390,-8.6206,41.1641,-8.6206,41.1641
391,-8.6206,41.1641,-8.6206,41.1641
392,-8.6206,41.1641,-8.6206,41.1641
393,-8.6206,41.1641,-8.6206,41.1641
394,-8.6206,41.1641,-8.6206,41.1641
395,-8.6206,41.1641,-8.6206,41.1641
396,-8.6206,41.1641,-8.6206,41.1641
397,-8.6206,41.1641,-8.6206,41.1641
398,-8.6206,41.1641,-8.6206,41.1641
399,-8.6206,41.1641,-8.6206,41.1641
400,-8.6206,41.1641,-8.6206,41.1641
401,-8.6206,41.1641,-8.6206,41.1641
402,-8.6206,41.1641,-8.6206,41.1641
403,-8.6206,41.1641,-8.6206,41.1641
404,-8.6206,41.1641,-8.6206,41.1641
405,-8.6206,41.1641,-8.6206,41.1641
406,-8.6206,41.1641,-8.6206,41.1641
407,-8.6206,41.1641,-8.6206,41.1641
408,-8.6206,41.1641,-8.6206,41.1641
409,-8.6206,41.1641,-8.6206,41.1641
410,-8.6206,41.1641,-8.6206,41.1641
411,-8.6206,41.1641,-8.6206,41.1641
412,-8.6206,41.1641,-8.6206,41.1641
413,-8.6206,41.1641,-8.6206,41.1641
414,-8.6206,41.1641,-8.6206,41.1641
415,-8.6206,41.1641,-8.6206,41.1641
416,-8.6206,41.1641,-8.6206,41.1641
417,-8.6206,41.1641,-8.6206,41.1641
418,-8.6206,41.1641,-8.6206,41.1641
419,-8.6206,41.1641,-8.6206,41.1641
420,-8.6206,41.1641,-8.6206,41.1641
421,-8.6206,41.1641,-8.6206,41.1641
422,-8.6206,41.1641,-8.6206,41.1641
423,-8.6206,41.1641,-8.6206,41.1641
424,-8.6206,41.1641,-8.6206,41.1641
425,-8.6206,41.1641,-8.6206,41.1641
426,-8.6206,41.1641,-8.6206,41.1641
427,-8.6206,41.1641,-8.6206,41.1641
428,-8.6206,41.1641,-8.6206,41.1641
429,-8.6206,41.1641,-8.6206,41.1641
430,-8.6206,41.1641,-8.6206,41.1641
431,-8.6206,41.1641,-8.6206,41.1641
432,-8.6206,41.1641,-8.6206,41.1641
433,-8.6206,41.1641,-8.6206,41.1641
434,-8.6206,41.1641,-8.6206,41.1641
435,-8.6206,41.1641,-8.6206,41.1641
436,-8.6206,41.1641,-8.6206,41.1641
437,-8.6206,41.1641,-8.6206,41.1641
438,-8.6206,41.1641,-8.6206,41.1641
439,-8.6206,41.1641,-8.6206,41.1641
440,-8.6206,41.1641,-8.6206,41.1641
441,-8.6206,41.1642,-8.6206,41.1642
442,-8.6206,41.1642,-8.6206,41.1642
443,-8.6206,41.1641,-8.6206,41.1641
444,-8.6206,41.1641,-8.6206,41.1641
445,-8.6206,41.1641,-8.6206,41.1641
446,-8.6206,41.1641,-8.6206,41.1641
447,-8.6206,41.1641,-8.6206,41.1641
448,-8.6206,41.1641,-8.6206,41.1641
449,-8.6207,41.1641,-8.6207,41.1641
450,-8.6207,41.1641,-8.6207,41.1641
451,-8.6206,41.1641,-8.6206,41.1641
452,-8.6206,41.1642,-8.6206,41.1642
453,-8.6206,41.1642,-8.6206,41.1642
454,-8.6206,41.1642,-8.6206,41.1642
455,-8.6206,41.1642,-8.6206,41.1642
456,-8.6206,41.1642,-8.6206,41.1642
457,-8.6206,41.1642,-8.6206,41.1642
458,-8.6206,41.1641,-8.6206,41.1641
459,-8.6206,41.1642,-8.6206,41.1642
460,-8.6206,41.1642,-8.6206,41.1642
461,-8.6206,41.1642,-8.6206,41.1642
462,-8.6206,41.1642,-8.6206,41.1642
463,-8.6206,41.1641,-8.6206,41.1641
464,-8.6206,41.1641,-8.6206,41.1641
465,-8.6206,41.1641,-8.6206,41.1641
466,-8.6206,41.1641,-8.6206,41.1641
467,-8.6206,41.1641,-8.6206,41.1641
468,-8.6206,41.1642,-8.6206,41.1642
469,-8.6206,41.1642,-8.6206,41.1642
470,-8.6206,41.1641,-8.6206,41.1641
471,-8.6206,41.1641,-8.6206,41.1641
472,-8.6206,41.1641,-8.6206,41.1641
473,-8.6206,41.1641,-8.6206,41.1641
474,-8.6206,41.1641,-8.6206,41.1641
475,-8.6206,41.1641,-8.6206,41.1641
476,-8.6206,41.1641,-8.6206,41.1641
477,-8.6206,41.1641,-8.6206,41.1641
478,-8.6206,41.1641,-8.6206,41.1641
479,-8.6206,41.1641,-8.6206,41.1641
480,-8.6206,41.1641,-8.6206,41.1641
481,-8.6206,41.1641,-8.6206,41.1641
482,-8.6206,41.1641,-8.6206,41.1641
483,-8.6206,41.1641,-8.6206,41.1641
484,-8.6206,41.1641,-8.6206,41.1641
485,-8.6206,41.1641,-8.6206,41.1641
486,-8.6206,41.1642,-8.6206,41.1642
487,-8.6206,41.1642,-8.6206,41.1642
488,-8.6206,41.1642,-8.6206,41.1642
489,-8.6206,41.1642,-8.6206,41.1642
490,-8.6206,41.1642,-8.6206,41.1642
491,-8.6206,41.1642,-8.6206,41.1642
492,-8.6206,41.1641,-8.6206,41.1641
493,-8.6205,41.1641,-8.6205,41.1641
494,-8.6206,41.1641,-8.6206,41.1641
495,-8.6206,41.1641,-8.6206,41.1641
496,-8.6206,41.1641,-8.6206,41.1641
497,-8.6206,41.1641,-8.6206,41.1641
498,-8.6206,41.1641,-8.6206,41.1641
499,-8.6206,41.1641,-8.6206,41.1641
500,-8.6206,41.1641,-8.6206,41.1641
501,-8.6206,41.1641,-8.6206,41.1641
502,-8.6206,41.1641,-8.6206,41.1641
503,-8.6206,41.1641,-8.6206,41.1641
504,-8.6207,41.1641,-8.6207,41.1641
505,-8.6206,41.1641,-8.6206,41.1641
506,-8.6206,41.1641,-8.6206,41.1641
507,-8.6206,41.1641,-8.6206,41.1641
508,-8.6206,41.1642,-8.6206,41.1642
509,-8.6206,41.1642,-8.6206,41.1642
510,-8.6206,41.1641,-8.6206,41.1641
511,-8.6206,41.1642,-8.6206,41.1642
512,-8.6206,41.1642,-8.6206,41.1642
513,-8.6206,41.1642,-8.6206,41.1642
514,-8.6206,41.1642,-8.6206,41.1642
515,-8.6206,41.1642,-8.6206,41.1642
516,-8.6207,41.1641,-8.6207,41.1641
517,-8.6207,41.1641,-8.6207,41.1641
518,-8.6207,41.1641,-8.6207,41.1641
519,-8.6207,41.1641,-8.6207,41.1641
520,-8.6207,41.1641,-8.6207,41.1641
521,-8.6207,41.1641,-8.6207,41.1641
522,-8.6207,41.1642,-8.6207,41.1642
523,-8.6207,41.1642,-8.6207,41.1642
524,-8.6207,41.1641,-8.6207,41.1641
525,-8.6207,41.1641,-8.6207,41.1641
526,-8.6207,41.1640,-8.6207,41.1640
527,-8.6207,41.1640,-8.6207,41.1640
528,-8.6207,41.1640,-8.6207,41.1640
529,-8.6207,41.1640,-8.6207,41.1640
530,-8.6207,41.1640,-8.6207,41.1640
531,-8.6207,41.1641,-8.6207,41.1641
532,-8.6207,41.1641,-8.6207,41.1641
533,-8.6206,41.1641,-8.6206,41.1641
534,-8.6206,41.1642,-8.6206,41.1642
535,-8.6206,41.1642,-8.6206,41.1642
536,-8.6206,41.1642,-8.6206,41.1642
537,-8.6206,41.1642,-8.6206,41.1642
538,-8.6207,41.1642,-8.6207,41.1642
539,-8.6207,41.1642,-8.6207,41.1642
540,-8.6207,41.1642,-8.6207,41.1642
541,-8.6207,41.1642,-8.6207,41.1642
542,-8.6207,41.1641,-8.6207,41.1641
543,-8.6207,41.1642,-8.6207,41.1642
544,-8.6207,41.1641,-8.6207,41.1641
545,-8.6207,41.1642,-8.6207,41.1642
546,-8.6207,41.1642,-8.6207,41.1642
547,-8.6207,41.1642,-8.6207,41.1642
548,-8.6207,41.1642,-8.6207,41.1642
549,-8.6207,41.1642,-8.6207,41.1642
550,-8.6207,41.1642,-8.6207,41.1642
551,-8.6207,41.1642,-8.6207,41.1642
552,-8.6207,41.1642,-8.6207,41.1642
553,-8.6207,41.1642,-8.6207,41.1642
554,-8.6207,41.1642,-8.6207,41.1642
555,-8.6207,41.1642,-8.6207,41.1642
556,-8.6207,41.1642,-8.6207,41.1642
557,-8.6207,41.1642,-8.6207,41.1642
558,-8.6207,41.1642,-8.6207,41.1642
559,-8.6207,41.1642,-8.6207,41.1642
560,-8.6207,41.1642,-8.6207,41.1642
561,-8.6207,41.1642,-8.6207,41.1642
562,-8.6207,41.1642,-8.6207,41.1642
563,-8.6207,41.1642,-8.6207,41.1642
564,-8.6207,41.1642,-8.6207,41.1642
565,-8.6207,41.1641,-8.6207,41.1641
566,-8.6207,41.1642,-8.6207,41.1642
567,-8.6207,41.1642,-8.6207,41.1642
568,-8.6207,41.1642,-8.6207,41.1642
569,-8.6207,41.1642,-8.6207,41.1642
570,-8.6207,41.1641,-8.6207,41.1641
571,-8.6206,41.1641,-8.6206,41.1641
572,-8.6206,41.1641,-8.6206,41.1641
573,-8.6207,41.1642,-8.6207,41.1642
574,-8.6207,41.1642,-8.6207,41.1642
575,-8.6207,41.1642,-8.6207,41.1642
576,-8.6207,41.1642,-8.6207,41.1642
577,-8.6207,41.1642,-8.6207,41.1642
578,-8.6207,41.1642,-8.6207,41.1642
579,-8.6207,41.1642,-8.6207,41.1642
580,-8.6207,41.1642,-8.6207,41.1642
581,-8.6207,41.1642,-8.6207,41.1642
582,-8.6207,41.1642,-8.6207,41.1642
583,-8.6207,41.1642,-8.6207,41.1642
584,-8.6207,41.1641,-8.6207,41.1641
585,-8.6207,41.1642,-8.6207,41.1642
586,-8.6207,41.1642,-8.6207,41.1642
587,-8.6207,41.1642,-8.6207,41.1642
588,-8.6207,41.1642,-8.6207,41.1642
589,-8.6207,41.1641,-8.6207,41.1641
590,-8.6207,41.1641,-8.6207,41.1641
591,-8.6207,41.1641,-8.6207,41.1641
592,-8.6207,41.1642,-8.6207,41.1642
593,-8.6207,41.1642,-8.6207,41.1642
594,-8.6207,41.1641,-8.6207,41.1641
595,-8.6207,41.1641,-8.6207,41.1641
596,-8.6207,41.1641,-8.6207,41.1641
597,-8.6207,41.1641,-8.6207,41.1641
598,-8.6207,41.1641,-8.6207,41.1641
599,-8.6207,41.1641,-8.6207,41.1641
600,-8.6207,41.1641,-8.6207,41.1641
601,-8.6207,41.1641,-8.6207,41.1641
602,-8.6207,41.1642,-8.6207,41.1642
603,-8.6208,41.1641,-8.6208,41.1641
604,-8.6208,41.1641,-8.6208,41.1641
605,-8.6208,41.1641,-8.6208,41.1641
606,-8.6207,41.1641,-8.6207,41.1641
607,-8.6208,41.1641,-8.6208,41.1641
608,-8.6208,41.1641,-8.6208,41.1641
609,-8.6208,41.1641,-8.6208,41.1641
610,-8.6208,41.1641,-8.6208,41.1641
611,-8.6208,41.1641,-8.6208,41.1641
612,-8.6208,41.1641,-8.6208,41.1641
613,-8.6208,41.1641,-8.6208,41.1641
614,-8.6208,41.1642,-8.6208,41.1642
615,-8.6208,41.1642,-8.6208,41.1642
616,-8.6208,41.1642,-8.6208,41.1642
617,-8.6207,41.1642,-8.6207,41.1642
618,-8.6207,41.1642,-8.6207,41.1642
619,-8.6208,41.1642,-8.6208,41.1642
620,-8.6208,41.1641,-8.6208,41.1641
621,-8.6208,41.1642,-8.6208,41.1642
622,-8.6207,41.1642,-8.6207,41.1642
623,-8.6207,41.1642,-8.6207,41.1642
624,-8.6207,41.1642,-8.6207,41.1642
625,-8.6207,41.1642,-8.6207,41.1642
626,-8.6207,41.1642,-8.6207,41.1642
627,-8.6207,41.1642,-8.6207,41.1642
628,-8.6207,41.1642,-8.6207,41.1642
629,-8.6207,41.1642,-8.6207,41.1642
630,-8.6207,41.1642,-8.6207,41.1642
631,-8.6207,41.1642,-8.6207,41.1642
632,-8.6206,41.1642,-8.6206,41.1642
633,-8.6206,41.1641,-8.6206,41.1641
634,-8.6206,41.1642,-8.6206,41.1642
635,-8.6207,41.1642,-8.6207,41.1642
636,-8.6207,41.1642,-8.6207,41.1642
637,-8.6207,41.1642,-8.6207,41.1642
638,-8.6207,41.1642,-8.6207,41.1642
639,-8.6207,41.1642,-8.6207,41.1642
640,-8.6207,41.1642,-8.6207,41.1642
641,-8.6206,41.1642,-8.6206,41.1642
642,-8.6206,41.1642,-8.6206,41.1642
643,-8.6207,41.1642,-8.6207,41.1642
644,-8.6207,41.1641,-8.6207,41.1641
645,-8.6207,41.1641,-8.6207,41.1641
646,-8.6207,41.1642,-8.6207,41.1642
647,-8.6207,41.1642,-8.6207,41.1642
648,-8.6207,41.1641,-8.6207,41.1641
649,-8.6207,41.1641,-8.6207,41.1641
650,-8.6207,41.1642,-8.6207,41.1642
651,-8.6207,41.1641,-8.6207,41.1641
652,-8.6207,41.1641,-8.6207,41.1641
653,-8.6207,41.1642,-8.6207,41.1642
654,-8.6207,41.1642,-8.6207,41.1642
655,-8.6207,41.1642,-8.6207,41.1642
656,-8.6207,41.1642,-8.6207,41.1642
657,-8.6207,41.1642,-8.6207,41.1642
658,-8.6206,41.1642,-8.6206,41.1642
659,-8.6206,41.1642,-8.6206,41.1642
660,-8.6207,41.1642,-8.6207,41.1642
661,-8.6207,41.1642,-8.6207,41.1642
662,-8.6207,41.1642,-8.6207,41.1642
663,-8.6206,41.1642,-8.6206,41.1642
664,-8.6206,41.1642,-8.6206,41.1642
665,-8.6206,41.1642,-8.6206,41.1642
666,-8.6207,41.1642,-8.6207,41.1642
667,-8.6207,41.1642,-8.6207,41.1642
668,-8.6207,41.1642,-8.6207,41.1642
669,-8.6207,41.1642,-8.6207,41.1642
670,-8.6207,41.1642,-8.6207,41.1642
671,-8.6207,41.1642,-8.6207,41.1642
672,-8.6207,41.1642,-8.6207,41.1642
673,-8.6207,41.1642,-8.6207,41.1642
674,-8.6206,41.1641,-8.6206,41.1641
675,-8.6207,41.1641,-8.6207,41.1641
676,-8.6207,41.1642,-8.6207,41.1642
677,-8.6207,41.1642,-8.6207,41.1642
678,-8.6207,41.1642,-8.6207,41.1642
679,-8.6207,41.1642,-8.6207,41.1642
680,-8.6207,41.1642,-8.6207,41.1642
681,-8.6207,41.1641,-8.6207,41.1641
682,-8.6207,41.1641,-8.6207,41.1641
683,-8.6207,41.1642,-8.6207,41.1642
684,-8.6207,41.1642,-8.6207,41.1642
685,-8.6207,41.1642,-8.6207,41.1642
686,-8.6207,41.1642,-8.6207,41.1642
687,-8.6207,41.1642,-8.6207,41.1642
688,-8.6206,41.1642,-8.6206,41.1642
689,-8.6206,41.1642,-8.6206,41.1642
690,-8.6206,41.1642,-8.6206,41.1642
691,-8.6206,41.1642,-8.6206,41.1642
692,-8.6207,41.1642,-8.6207,41.1642
693,-8.6207,41.1642,-8.6207,41.1642
694,-8.6207,41.1642,-8.6207,41.1642
695,-8.6207,41.1642,-8.6207,41.1642
696,-8.6207,41.1642,-8.6207,41.1642
697,-8.6207,41.1642,-8.6207,41.1642
698,-8.6207,41.1642,-8.6207,41.1642
699,-8.6207,41.1642,-8.6207,41.1642
700,-8.6206,41.1642,-8.6206,41.1642
701,-8.6206,41.1642,-8.6206,41.1642
702,-8.6206,41.1642,-8.6206,41.1642
703,-8.6206,41.1641,-8.6206,41.1641
704,-8.6206,41.1641,-8.6206,41.1641
705,-8.6207,41.1641,-8.6207,41.1641
706,-8.6207,41.1641,-8.6207,41.1641
707,-8.6207,41.1641,-8.6207,41.1641
708,-8.6206,41.1641,-8.6206,41.1641
709,-8.6206,41.1642,-8.6206,41.1642
710,-8.6206,41.1642,-8.6206,41.1642
711,-8.6206,41.1642,-8.6206,41.1642
712,-8.6206,41.1642,-8.6206,41.1642
713,-8.6206,41.1642,-8.6206,41.1642
714,-8.6206,41.1642,-8.6206,41.1642
715,-8.6206,41.1641,-8.6206,41.1641
716,-8.6206,41.1641,-8.6206,41.1641
717,-8.6206,41.1641,-8.6206,41.1641
718,-8.6206,41.1642,-8.6206,41.1642
719,-8.6206,41.1642,-8.6206,41.1642
720,-8.6206,41.1642,-8.6206,41.1642
721,-8.6206,41.1642,-8.6206,41.1642
722,-8.6206,41.1642,-8.6206,41.1642
723,-8.6206,41.1642,-8.6206,41.1642
724,-8.6206,41.1642,-8.6206,41.1642
725,-8.6206,41.1642,-8.6206,41.1642
726,-8.6206,41.1642,-8.6206,41.1642
727,-8.6206,41.1642,-8.6206,41.1642
728,-8.6206,41.1642,-8.6206,41.1642
729,-8.6206,41.1641,-8.6206,41.1641
730,-8.6206,41.1641,-8.6206,41.1641
731,-8.6206,41.1641,-8.6206,41.1641
732,-8.6206,41.1641,-8.6206,41.1641
733,-8.6206,41.1641,-8.6206,41.1641
734,-8.6206,41.1641,-8.6206,41.1641
735,-8.6206,41.1641,-8.6206,41.1641
736,-8.6206,41.1641,-8.6206,41.1641
737,-8.6206,41.1642,-8.6206,41.1642
738,-8.6206,41.1641,-8.6206,41.1641
739,-8.6206,41.1641,-8.6206,41.1641
740,-8.6206,41.1641,-8.6206,41.1641
741,-8.6206,41.1642,-8.6206,41.1642
742,-8.6206,41.1641,-8.6206,41.1641
743,-8.6206,41.1642,-8.6206,41.1642
744,-8.6206,41.1642,-8.6206,41.1642
745,-8.6206,41.1642,-8.6206,41.1642
746,-8.6207,41.1642,-8.6207,41.1642
747,-8.6207,41.1642,-8.6207,41.1642
748,-8.6207,41.1642,-8.6207,41.1642
749,-8.6207,41.1642,-8.6207,41.1642
750,-8.6206,41.1641,-8.6206,41.1641
751,-8.6206,41.1642,-8.6206,41.1642
752,-8.6206,41.1642,-8.6206,41.1642
753,-8.6206,41.1642,-8.6206,41.1642
754,-8.6206,41.1642,-8.6206,41.1642
755,-8.6206,41.1642,-8.6206,41.1642
756,-8.6206,41.1642,-8.6206,41.1642
757,-8.6206,41.1642,-8.6206,41.1642
758,-8.6206,41.1642,-8.6206,41.1642
759,-8.6206,41.1642,-8.6206,41.1642
760,-8.6206,41.1642,-8.6206,41.1642
761,-8.6206,41.1642,-8.6206,41.1642
762,-8.6206,41.1642,-8.6206,41.1642
763,-8.6206,41.1642,-8.6206,41.1642
764,-8.6206,41.1642,-8.6206,41.1642
765,-8.6206,41.1642,-8.6206,41.1642
766,-8.6206,41.1642,-8.6206,41.1642
767,-8.6207,41.1642,-8.6207,41.1642
768,-8.6207,41.1642,-8.6207,41.1642
769,-8.6206,41.1642,-8.6206,41.1642
770,-8.6206,41.1642,-8.6206,41.1642
771,-8.6206,41.1642,-8.6206,41.1642
772,-8.6206,41.1642,-8.6206,41.1642
773,-8.6206,41.1642,-8.6206,41.1642
774,-8.6207,41.1642,-8.6207,41.1642
775,-8.6207,41.1642,-8.6207,41.1642
776,-8.6207,41.1642,-8.6207,41.1642
777,-8.6207,41.1642,-8.6207,41.1642
778,-8.6206,41.1642,-8.6206,41.1642
779,-8.6206,41.1642,-8.6206,41.1642
780,-8.6206,41.1642,-8.6206,41.1642
781,-8.6206,41.1642,-8.6206,41.1642
782,-8.6206,41.1642,-8.6206,41.1642
783,-8.6206,41.1642,-8.6206,41.1642
784,-8.6206,41.1642,-8.6206,41.1642
785,-8.6206,41.1642,-8.6206,41.1642
786,-8.6206,41.1642,-8.6206,41.1642
787,-8.6206,41.1642,-8.6206,41.1642
788,-8.6206,41.1642,-8.6206,41.1642
789,-8.6206,41.1642,-8.6206,41.1642
790,-8.6206,41.1642,-8.6206,41.1642
791,-8.6206,41.1642,-8.6206,41.1642
792,-8.6206,41.1642,-8.6206,41.1642
793,-8.6207,41.1642,-8.6207,41.1642
794,-8.6206,41.1642,-8.6206,41.1642
795,-8.6206,41.1642,-8.6206,41.1642
796,-8.6207,41.1642,-8.6207,41.1642
797,-8.6207,41.1642,-8.6207,41.1642
798,-8.6207,41.1642,-8.6207,41.1642
799,-8.6207,41.1642,-8.6207,41.1642
800,-8.6207,41.1642,-8.6207,41.1642
801,-8.6206,41.1642,-8.6206,41.1642
802,-8.6207,41.1642,-8.6207,41.1642
803,-8.6207,41.1642,-8.6207,41.1642
804,-8.6206,41.1642,-8.6206,41.1642
805,-8.6206,41.1642,-8.6206,41.1642
806,-8.6206,41.1642,-8.6206,41.1642
807,-8.6206,41.1642,-8.6206,41.1642
808,-8.6206,41.1642,-8.6206,41.1642
809,-8.6206,41.1642,-8.6206,41.1642
810,-8.6206,41.1642,-8.6206,41.1642
811,-8.6206,41.1642,-8.6206,41.1642
812,-8.6206,41.1643,-8.6206,41.1643
813,-8.6206,41.1643,-8.6206,41.1643
814,-8.6206,41.1642,-8.6206,41.1642
815,-8.6206,41.1642,-8.6206,41.1642
816,-8.6206,41.1642,-8.6206,41.1642
817,-8.6206,41.1643,-8.6206,41.1643
818,-8.6206,41.1642,-8.6206,41.1642
819,-8.6206,41.1642,-8.6206,41.1642
820,-8.6206,41.1642,-8.6206,41.1642
821,-8.6206,41.1642,-8.6206,41.1642
822,-8.6206,41.1642,-8.6206,41.1642
823,-8.6206,41.1642,-8.6206,41.1642
824,-8.6206,41.1642,-8.6206,41.1642
825,-8.6206,41.1643,-8.6206,41.1643
826,-8.6206,41.1643,-8.6206,41.1643
827,-8.6206,41.1643,-8.6206,41.1643
828,-8.6206,41.1642,-8.6206,41.1642
829,-8.6206,41.1642,-8.6206,41.1642
830,-8.6206,41.1642,-8.6206,41.1642
831,-8.6206,41.1642,-8.6206,41.1642
832,-8.6206,41.1642,-8.6206,41.1642
833,-8.6206,41.1643,-8.6206,41.1643
834,-8.6206,41.1643,-8.6206,41.1643
835,-8.6206,41.1643,-8.6206,41.1643
836,-8.6206,41.1643,-8.6206,41.1643
837,-8.6206,41.1643,-8.6206,41.1643
838,-8.6206,41.1643,-8.6206,41.1643
839,-8.6206,41.1643,-8.6206,41.1643
840,-8.6206,41.1643,-8.6206,41.1643
841,-8.6206,41.1643,-8.6206,41.1643
842,-8.6206,41.1643,-8.6206,41.1643
843,-8.6206,41.1643,-8.6206,41.1643
844,-8.6206,41.1643,-8.6206,41.1643
845,-8.6206,41.1643,-8.6206,41.1643
846,-8.6206,41.1643,-8.6206,41.1643
847,-8.6206,41.1643,-8.6206,41.1643
848,-8.6206,41.1643,-8.6206,41.1643
849,-8.6206,41.1643,-8.6206,41.1643
850,-8.6206,41.1643,-8.6206,41.1643
851,-8.6206,41.1643,-8.6206,41.1643
852,-8.6206,41.1643,-8.6206,41.1643
853,-8.6207,41.1643,-8.6207,41.1643
854,-8.6207,41.1643,-8.6207,41.1643
855,-8.6207,41.1643,-8.6207,41.1643
856,-8.6207,41.1643,-8.6207,41.1643
857,-8.6207,41.1644,-8.6207,41.1644
858,-8.6207,41.1644,-8.6207,41.1644
859,-8.6206,41.1643,-8.6206,41.1643
860,-8.6206,41.1643,-8.6206,41.1643
861,-8.6206,41.1643,-8.6206,41.1643
862,-8.6206,41.1643,-8.6206,41.1643
863,-8.6206,41.1643,-8.6206,41.1643
864,-8.6206,41.1643,-8.6206,41.1643
865,-8.6206,41.1643,-8.6206,41.1643
866,-8.6206,41.1643,-8.6206,41.1643
867,-8.6206,41.1643,-8.6206,41.1643
868,-8.6206,41.1643,-8.6206,41.1643
869,-8.6206,41.1643,-8.6206,41.1643
870,-8.6206,41.1643,-8.6206,41.1643
871,-8.6206,41.1642,-8.6206,41.1642
872,-8.6206,41.1642,-8.6206,41.1642
873,-8.6206,41.1642,-8.6206,41.1642
874,-8.6206,41.1643,-8.6206,41.1643
875,-8.6206,41.1643,-8.6206,41.1643
876,-8.6206,41.1643,-8.6206,41.1643
877,-8.6205,41.1643,-8.6205,41.1643
878,-8.6206,41.1643,-8.6206,41.1643
879,-8.6206,41.1643,-8.6206,41.1643
880,-8.6206,41.1643,-8.6206,41.1643
881,-8.6206,41.1643,-8.6206,41.1643
882,-8.6206,41.1643,-8.6206,41.1643
883,-8.6205,41.1643,-8.6205,41.1643
884,-8.6206,41.1643,-8.6206,41.1643
885,-8.6205,41.1643,-8.6205,41.1643
886,-8.6206,41.1643,-8.6206,41.1643
887,-8.6206,41.1643,-8.6206,41.1643
888,-8.6205,41.1643,-8.6205,41.1643
889,-8.6205,41.1643,-8.6205,41.1643
890,-8.6205,41.1643,-8.6205,41.1643
891,-8.6205,41.1643,-8.6205,41.1643
892,-8.6205,41.1643,-8.6205,41.1643
893,-8.6205,41.1643,-8.6205,41.1643
894,-8.6205,41.1643,-8.6205,41.1643
895,-8.6206,41.1643,-8.6206,41.1643
896,-8.6206,41.1643,-8.6206,41.1643
897,-8.6206,41.1643,-8.6206,41.1643
898,-8.6206,41.1643,-8.6206,41.1643
899,-8.6206,41.1643,-8.6206,41.1643
900,-8.6206,41.1643,-8.6206,41.1643
901,-8.6206,41.1642,-8.6206,41.1642
902,-8.6205,41.1642,-8.6205,41.1642
903,-8.6206,41.1642,-8.6206,41.1642
904,-8.6206,41.1642,-8.6206,41.1642
905,-8.6205,41.1642,-8.6205,41.1642
906,-8.6205,41.1642,-8.6205,41.1642
907,-8.6206,41.1643,-8.6206,41.1643
908,-8.6206,41.1643,-8.6206,41.1643
909,-8.6206,41.1642,-8.6206,41.1642
910,-8.6206,41.1642,-8.6206,41.1642
911,-8.6206,41.1642,-8.6206,41.1642
912,-8.6206,41.1642,-8.6206,41.1642
913,-8.6206,41.1643,-8.6206,41.1643
914,-8.6206,41.1642,-8.6206,41.1642
915,-8.6206,41.1643,-8.6206,41.1643
916,-8.6206,41.1643,-8.6206,41.1643
917,-8.6206,41.1643,-8.6206,41.1643
918,-8.6206,41.1643,-8.6206,41.1643
919,-8.6205,41.1643,-8.6205,41.1643
920,-8.6205,41.1643,-8.6205,41.1643
921,-8.6205,41.1642,-8.6205,41.1642
922,-8.6206,41.1642,-8.6206,41.1642
923,-8.6206,41.1642,-8.6206,41.1642
924,-8.6206,41.1642,-8.6206,41.1642
925,-8.6206,41.1642,-8.6206,41.1642
926,-8.6206,41.1642,-8.6206,41.1642
927,-8.6206,41.1642,-8.6206,41.1642
928,-8.6206,41.1642,-8.6206,41.1642
929,-8.6205,41.1642,-8.6205,41.1642
930,-8.6205,41.1642,-8.6205,41.1642
931,-8.6206,41.1642,-8.6206,41.1642
932,-8.6206,41.1642,-8.6206,41.1642
933,-8.6206,41.1642,-8.6206,41.1642
934,-8.6206,41.1642,-8.6206,41.1642
935,-8.6206,41.1642,-8.6206,41.1642
936,-8.6206,41.1642,-8.6206,41.1642
937,-8.6206,41.1642,-8.6206,41.1642
938,-8.6206,41.1642,-8.6206,41.1642
939,-8.6206,41.1642,-8.6206,41.1642
940,-8.6206,41.1642,-8.6206,41.1642
941,-8.6206,41.1642,-8.6206,41.1642
942,-8.6206,41.1642,-8.6206,41.1642
943,-8.6206,41.1642,-8.6206,41.1642
944,-8.6206,41.1642,-8.6206,41.1642
945,-8.6206,41.1642,-8.6206,41.1642
946,-8.6206,41.1642,-8.6206,41.1642
947,-8.6206,41.1642,-8.6206,41.1642
948,-8.6206,41.1642,-8.6206,41.1642
949,-8.6206,41.1642,-8.6206,41.1642
950,-8.6206,41.1642,-8.6206,41.1642
951,-8.6206,41.1642,-8.6206,41.1642
952,-8.6206,41.1642,-8.6206,41.1642
953,-8.6206,41.1642,-8.6206,41.1642
954,-8.6206,41.1642,-8.6206,41.1642
955,-8.6206,41.1642,-8.6206,41.1642
956,-8.6206,41.1642,-8.6206,41.1642
957,-8.6206,41.1642,-8.6206,41.1642
958,-8.6206,41.1642,-8.6206,41.1642
959,-8.6206,41.1642,-8.6206,41.1642
960,-8.6206,41.1642,-8.6206,41.1642
961,-8.6206,41.1641,-8.6206,41.1641
962,-8.6207,41.1641,-8.6207,41.1641
963,-8.6207,41.1642,-8.6207,41.1642
964,-8.6206,41.1642,-8.6206,41.1642
965,-8.6206,41.1642,-8.6206,41.1642
966,-8.6206,41.1641,-8.6206,41.1641
967,-8.6206,41.1641,-8.6206,41.1641
968,-8.6206,41.1641,-8.6206,41.1641
969,-8.6207,41.1641,-8.6207,41.1641
970,-8.6206,41.1641,-8.6206,41.1641
971,-8.6206,41.1641,-8.6206,41.1641
972,-8.6207,41.1641,-8.6207,41.1641
973,-8.6207,41.1641,-8.6207,41.1641
974,-8.6206,41.1641,-8.6206,41.1641
975,-8.6206,41.1641,-8.6206,41.1641
976,-8.6206,41.1641,-8.6206,41.1641
977,-8.6206,41.1641,-8.6206,41.1641
978,-8.6206,41.1641,-8.6206,41.1641
979,-8.6206,41.1641,-8.6206,41.1641
980,-8.6206,41.1642,-8.6206,41.1642
981,-8.6206,41.1642,-8.6206,41.1642
982,-8.6206,41.1642,-8.6206,41.1642
983,-8.6206,41.1642,-8.6206,41.1642
984,-8.6206,41.1643,-8.6206,41.1643
985,-8.6206,41.1643,-8.6206,41.1643
986,-8.6206,41.1643,-8.6206,41.1643
987,-8.6206,41.1643,-8.6206,41.1643
988,-8.6206,41.1642,-8.6206,41.1642
989,-8.6206,41.1642,-8.6206,41.1642
990,-8.6206,41.1642,-8.6206,41.1642
991,-8.6206,41.1642,-8.6206,41.1642
992,-8.6205,41.1642,-8.6205,41.1642
993,-8.6205,41.1642,-8.6205,41.1642
994,-8.6205,41.1642,-8.6205,41.1642
995,-8.6205,41.1642,-8.6205,41.1642
996,-8.6205,41.1642,-8.6205,41.1642
997,-8.6206,41.1642,-8.6206,41.1642
998,-8.6206,41.1642,-8.6206,41.1642
999,-8.6206,41.1642,-8.6206,41.1642
1000,-8.6206,41.1642,-8.6206,41.1642
1001,-8.6206,41.1643,-8.6206,41.1643
1002,-8.6206,41.1642,-8.6206,41.1642
1003,-8.6206,41.1641,-8.6206,41.1641
1004,-8.6205,41.1641,-8.6205,41.1641
1005,-8.6205,41.1640,-8.6205,41.1640
1006,-8.6205,41.1640,-8.6205,41.1640
1007,-8.6205,41.1640,-8.6205,41.1640
1008,-8.6205,41.1641,-8.6205,41.1641
1009,-8.6205,41.1641,-8.6205,41.1641
1010,-8.6205,41.1641,-8.6205,41.1641
1011,-8.6206,41.1641,-8.6206,41.1641
1012,-8.6206,41.1641,-8.6206,41.1641
1013,-8.6206,41.1642,-8.6206,41.1642
1014,-8.6206,41.1642,-8.6206,41.1642
1015,-8.6206,41.1642,-8.6206,41.1642
1016,-8.6205,41.1642,-8.6205,41.1642
1017,-8.6205,41.1642,-8.6205,41.1642
1018,-8.6205,41.1642,-8.6205,41.1642
1019,-8.6205,41.1642,-8.6205,41.1642
1020,-8.6205,41.1642,-8.6205,41.1642
1021,-8.6205,41.1641,-8.6205,41.1641
1022,-8.6205,41.1641,-8.6205,41.1641
1023,-8.6204,41.1641,-8.6204,41.1641
1024,-8.6204,41.1641,-8.6204,41.1641
1025,-8.6205,41.1641,-8.6205,41.1641
1026,-8.6205,41.1641,-8.6205,41.1641
1027,-8.6205,41.1640,-8.6205,41.1640
1028,-8.6205,41.1640,-8.6205,41.1640
1029,-8.6205,41.1640,-8.6205,41.1640
1030,-8.6205,41.1640,-8.6205,41.1640
1031,-8.6206,41.1641,-8.6206,41.1641
1032,-8.6205,41.1640,-8.6205,41.1640
1033,-8.6205,41.1640,-8.6205,41.1640
1034,-8.6205,41.1640,-8.6205,41.1640
1035,-8.6205,41.1640,-8.6205,41.1640
1036,-8.6205,41.1640,-8.6205,41.1640
1037,-8.6205,41.1640,-8.6205,41.1640
1038,-8.6205,41.1640,-8.6205,41.1640
1039,-8.6205,41.1640,-8.6205,41.1640
1040,-8.6205,41.1640,-8.6205,41.1640
1041,-8.6205,41.1640,-8.6205,41.1640
1042,-8.6205,41.1641,-8.6205,41.1641
1043,-8.6205,41.1641,-8.6205,41.1641
1044,-8.6205,41.1641,-8.6205,41.1641
1045,-8.6205,41.1641,-8.6205,41.1641
1046,-8.6205,41.1641,-8.6205,41.1641
1047,-8.6205,41.1641,-8.6205,41.1641
1048,-8.6205,41.1641,-8.6205,41.1641
1049,-8.6205,41.1641,-8.6205,41.1641
1050,-8.6205,41.1641,-8.6205,41.1641
1051,-8.6205,41.1641,-8.6205,41.1641
1052,-8.6204,41.1641,-8.6204,41.1641
1053,-8.6204,41.1641,-8.6204,41.1641
1054,-8.6204,41.1641,-8.6204,41.1641
1055,-8.6204,41.1641,-8.6204,41.1641
1056,-8.6204,41.1641,-8.6204,41.1641
1057,-8.6204,41.1640,-8.6204,41.1640
1058,-8.6204,41.1641,-8.6204,41.1641
1059,-8.6205,41.1641,-8.6205,41.1641
1060,-8.6205,41.1641,-8.6205,41.1641
1061,-8.6205,41.1641,-8.6205,41.1641
1062,-8.6205,41.1641,-8.6205,41.1641
1063,-8.6205,41.1641,-8.6205,41.1641
1064,-8.6204,41.1641,-8.6204,41.1641
1065,-8.6204,41.1641,-8.6204,41.1641
1066,-8.6204,41.1641,-8.6204,41.1641
1067,-8.6204,41.1641,-8.6204,41.1641
1068,-8.6204,41.1641,-8.6204,41.1641
1069,-8.6204,41.1641,-8.6204,41.1641
1070,-8.6204,41.1641,-8.6204,41.1641
1071,-8.6204,41.1641,-8.6204,41.1641
1072,-8.6204,41.1641,-8.6204,41.1641
1073,-8.6204,41.1641,-8.6204,41.1641
1074,-8.6204,41.1641,-8.6204,41.1641
1075,-8.6204,41.1640,-8.6204,41.1640
1076,-8.6204,41.1640,-8.6204,41.1640
1077,-8.6205,41.1641,-8.6205,41.1641
1078,-8.6206,41.1641,-8.6206,41.1641
1079,-8.6206,41.1642,-8.6206,41.1642
1080,-8.6206,41.1642,-8.6206,41.1642
1081,-8.6206,41.1642,-8.6206,41.1642
1082,-8.6206,41.1642,-8.6206,41.1642
1083,-8.6206,41.1642,-8.6206,41.1642
1084,-8.6206,41.1642,-8.6206,41.1642
1085,-8.6206,41.1642,-8.6206,41.1642
1086,-8.6206,41.1642,-8.6206,41.1642
1087,-8.6206,41.1642,-8.6206,41.1642
1088,-8.6205,41.1642,-8.6205,41.1642
1089,-8.6206,41.1642,-8.6206,41.1642
1090,-8.6206,41.1642,-8.6206,41.1642
1091,-8.6206,41.1642,-8.6206,41.1642
1092,-8.6206,41.1642,-8.6206,41.1642
1093,-8.6206,41.1642,-8.6206,41.1642
1094,-8.6206,41.1642,-8.6206,41.1642
1095,-8.6206,41.1642,-8.6206,41.1642
1096,-8.6206,41.1642,-8.6206,41.1642
1097,-8.6206,41.1642,-8.6206,41.1642
1098,-8.6206,41.1642,-8.6206,41.1642
1099,-8.6206,41.1642,-8.6206,41.1642
1100,-8.6206,41.1642,-8.6206,41.1642
1101,-8.6205,41.1642,-8.6205,41.1642
1102,-8.6206,41.1642,-8.6206,41.1642
1103,-8.6206,41.1642,-8.6206,41.1642
1104,-8.6206,41.1642,-8.6206,41.1642
1105,-8.6206,41.1642,-8.6206,41.1642
1106,-8.6206,41.1642,-8.6206,41.1642
1107,-8.6206,41.1642,-8.6206,41.1642
1108,-8.6206,41.1642,-8.6206,41.1642
1109,-8.6206,41.1642,-8.6206,41.1642
1110,-8.6206,41.1642,-8.6206,41.1642
1111,-8.6206,41.1642,-8.6206,41.1642
1112,-8.6206,41.1642,-8.6206,41.1642
1113,-8.6206,41.1642,-8.6206,41.1642
1114,-8.6206,41.1642,-8.6206,41.1642
1115,-8.6206,41.1642,-8.6206,41.1642
1116,-8.6206,41.1642,-8.6206,41.1642
1117,-8.6206,41.1642,-8.6206,41.1642
1118,-8.6206,41.1642,-8.6206,41.1642
1119,-8.6206,41.1642,-8.6206,41.1642
1120,-8.6206,41.1642,-8.6206,41.1642
1121,-8.6206,41.1642,-8.6206,41.1642
1122,-8.6206,41.1642,-8.6206,41.1642
1123,-8.6206,41.1642,-8.6206,41.1642
1124,-8.6206,41.1642,-8.6206,41.1642
1125,-8.6206,41.1642,-8.6206,41.1642
1126,-8.6206,41.1642,-8.6206,41.1642
1127,-8.6206,41.1642,-8.6206,41.1642
1128,-8.6206,41.1642,-8.6206,41.1642
1129,-8.6206,41.1642,-8.6206,41.1642
1130,-8.6206,41.1642,-8.6206,41.1642
1131,-8.6206,41.1642,-8.6206,41.1642
1132,-8.6206,41.1642,-8.6206,41.1642
1133,-8.6206,41.1642,-8.6206,41.1642
1134,-8.6206,41.1642,-8.6206,41.1642
1135,-8.6206,41.1642,-8.6206,41.1642
1136,-8.6206,41.1642,-8.6206,41.1642
1137,-8.6206,41.1642,-8.6206,41.1642
1138,-8.6206,41.1642,-8.6206,41.1642
1139,-8.6207,41.1642,-8.6207,41.1642
1140,-8.6207,41.1642,-8.6207,41.1642
1141,-8.6206,41.1642,-8.6206,41.1642
1142,-8.6206,41.1642,-8.6206,41.1642
1143,-8.6206,41.1642,-8.6206,41.1642
1144,-8.6206,41.1642,-8.6206,41.1642
1145,-8.6206,41.1642,-8.6206,41.1642
1146,-8.6206,41.1642,-8.6206,41.1642
1147,-8.6206,41.1642,-8.6206,41.1642
1148,-8.6206,41.1642,-8.6206,41.1642
1149,-8.6206,41.1642,-8.6206,41.1642
1150,-8.6206,41.1642,-8.6206,41.1642
1151,-8.6206,41.1642,-8.6206,41.1642
1152,-8.6206,41.1642,-8.6206,41.1642
1153,-8.6207,41.1642,-8.6207,41.1642
1154,-8.6206,41.1642,-8.6206,41.1642
1155,-8.6206,41.1642,-8.6206,41.1642
1156,-8.6206,41.1643,-8.6206,41.1643
1157,-8.6207,41.1643,-8.6207,41.1643
1158,-8.6207,41.1643,-8.6207,41.1643
1159,-8.6206,41.1643,-8.6206,41.1643
1160,-8.6206,41.1643,-8.6206,41.1643
1161,-8.6206,41.1643,-8.6206,41.1643
1162,-8.6206,41.1642,-8.6206,41.1642
1163,-8.6206,41.1642,-8.6206,41.1642
1164,-8.6206,41.1642,-8.6206,41.1642
1165,-8.6206,41.1643,-8.6206,41.1643
1166,-8.6206,41.1643,-8.6206,41.1643
1167,-8.6206,41.1643,-8.6206,41.1643
1168,-8.6206,41.1642,-8.6206,41.1642
1169,-8.6206,41.1642,-8.6206,41.1642
1170,-8.6206,41.1643,-8.6206,41.1643
1171,-8.6206,41.1643,-8.6206,41.1643
1172,-8.6206,41.1642,-8.6206,41.1642
1173,-8.6206,41.1642,-8.6206,41.1642
1174,-8.6206,41.1642,-8.6206,41.1642
1175,-8.6206,41.1642,-8.6206,41.1642
1176,-8.6206,41.1642,-8.6206,41.1642
1177,-8.6206,41.1643,-8.6206,41.1643
1178,-8.6206,41.1643,-8.6206,41.1643
1179,-8.6206,41.1643,-8.6206,41.1643
1180,-8.6206,41.1642,-8.6206,41.1642
1181,-8.6206,41.1643,-8.6206,41.1643
1182,-8.6206,41.1643,-8.6206,41.1643
1183,-8.6206,41.1643,-8.6206,41.1643
1184,-8.6206,41.1643,-8.6206,41.1643
1185,-8.6206,41.1643,-8.6206,41.1643
1186,-8.6206,41.1642,-8.6206,41.1642
1187,-8.6206,41.1642,-8.6206,41.1642
1188,-8.6206,41.1642,-8.6206,41.1642
1189,-8.6206,41.1643,-8.6206,41.1643
1190,-8.6206,41.1642,-8.6206,41.1642
1191,-8.6206,41.1643,-8.6206,41.1643
1192,-8.6206,41.1642,-8.6206,41.1642
1193,-8.6206,41.1642,-8.6206,41.1642
1194,-8.6206,41.1643,-8.6206,41.1643
1195,-8.6206,41.1643,-8.6206,41.1643
1196,-8.6206,41.1643,-8.6206,41.1643
1197,-8.6206,41.1643,-8.6206,41.1643
1198,-8.6206,41.1643,-8.6206,41.1643
1199,-8.6206,41.1643,-8.6206,41.1643
1200,-8.6206,41.1643,-8.6206,41.1643
1201,-8.6206,41.1643,-8.6206,41.1643
1202,-8.6206,41.1643,-8.6206,41.1643
1203,-8.6206,41.1643,-8.6206,41.1643
1204,-8.6206,41.1643,-8.6206,41.1643
1205,-8.6206,41.1643,-8.6206,41.1643
1206,-8.6206,41.1643,-8.6206,41.1643
1207,-8.6206,41.1643,-8.6206,41.1643
1208,-8.6206,41.1642,-8.6206,41.1642
1209,-8.6206,41.1642,-8.6206,41.1642
1210,-8.6206,41.1642,-8.6206,41.1642
1211,-8.6206,41.1642,-8.6206,41.1642
1212,-8.6206,41.1642,-8.6206,41.1642
1213,-8.6206,41.1642,-8.6206,41.1642
1214,-8.6206,41.1642,-8.6206,41.1642
1215,-8.6206,41.1642,-8.6206,41.1642
1216,-8.6206,41.1642,-8.6206,41.1642
1217,-8.6206,41.1642,-8.6206,41.1642
1218,-8.6206,41.1642,-8.6206,41.1642
1219,-8.6206,41.1642,-8.6206,41.1642
1220,-8.6206,41.1642,-8.6206,41.1642
1221,-8.6206,41.1642,-8.6206,41.1642
1222,-8.6206,41.1642,-8.6206,41.1642
1223,-8.6206,41.1642,-8.6206,41.1642
1224,-8.6206,41.1642,-8.6206,41.1642
1225,-8.6206,41.1642,-8.6206,41.1642
1226,-8.6206,41.1642,-8.6206,41.1642
1227,-8.6206,41.1642,-8.6206,41.1642
1228,-8.6206,41.1642,-8.6206,41.1642
1229,-8.6206,41.1642,-8.6206,41.1642
1230,-8.6206,41.1642,-8.6206,41.1642
1231,-8.6206,41.1642,-8.6206,41.1642
1232,-8.6206,41.1642,-8.6206,41.1642
1233,-8.6206,41.1642,-8.6206,41.1642
1234,-8.6206,41.1642,-8.6206,41.1642
1235,-8.6206,41.1642,-8.6206,41.1642
1236,-8.6206,41.1642,-8.6206,41.1642
1237,-8.6206,41.1643,-8.6206,41.1643
1238,-8.6206,41.1643,-8.6206,41.1643
1239,-8.6206,41.1643,-8.6206,41.1643
1240,-8.6206,41.1643,-8.6206,41.1643
1241,-8.6206,41.1643,-8.6206,41.1643
1242,-8.6206,41.1643,-8.6206,41.1643
1243,-8.6206,41.1642,-8.6206,41.1642
1244,-8.6206,41.1642,-8.6206,41.1642
1245,-8.6206,41.1643,-8.6206,41.1643
1246,-8.6206,41.1643,-8.6206,41.1643
1247,-8.6206,41.1642,-8.6206,41.1642
1248,-8.6206,41.1642,-8.6206,41.1642
1249,-8.6206,41.1642,-8.6206,41.1642
1250,-8.6207,41.1642,-8.6207,41.1642
1251,-8.6207,41.1643,-8.6207,41.1643
1252,-8.6207,41.1643,-8.6207,41.1643
1253,-8.6207,41.1643,-8.6207,41.1643
1254,-8.6207,41.1643,-8.6207,41.1643
1255,-8.6207,41.1643,-8.6207,41.1643
1256,-8.6207,41.1643,-8.6207,41.1643
1257,-8.6207,41.1642,-8.6207,41.1642
1258,-8.6207,41.1642,-8.6207,41.1642
1259,-8.6207,41.1642,-8.6207,41.1642
1260,-8.6207,41.1642,-8.6207,41.1642
1261,-8.6207,41.1642,-8.6207,41.1642
1262,-8.6206,41.1642,-8.6206,41.1642
1263,-8.6206,41.1642,-8.6206,41.1642
1264,-8.6206,41.1642,-8.6206,41.1642
1265,-8.6206,41.1643,-8.6206,41.1643
1266,-8.6207,41.1643,-8.6207,41.1643
1267,-8.6207,41.1643,-8.6207,41.1643
1268,-8.6207,41.1643,-8.6207,41.1643
1269,-8.6206,41.1642,-8.6206,41.1642
1270,-8.6206,41.1642,-8.6206,41.1642
1271,-8.6206,41.1642,-8.6206,41.1642
1272,-8.6206,41.1642,-8.6206,41.1642
1273,-8.6206,41.1642,-8.6206,41.1642
1274,-8.6206,41.1642,-8.6206,41.1642
1275,-8.6206,41.1642,-8.6206,41.1642
1276,-8.6206,41.1642,-8.6206,41.1642
1277,-8.6206,41.1642,-8.6206,41.1642
1278,-8.6206,41.1642,-8.6206,41.1642
1279,-8.6206,41.1642,-8.6206,41.1642
1280,-8.6206,41.1642,-8.6206,41.1642
1281,-8.6206,41.1642,-8.6206,41.1642
1282,-8.6206,41.1642,-8.6206,41.1642
1283,-8.6206,41.1642,-8.6206,41.1642
1284,-8.6206,41.1642,-8.6206,41.1642
1285,-8.6206,41.1642,-8.6206,41.1642
1286,-8.6207,41.1642,-8.6207,41.1642
1287,-8.6207,41.1642,-8.6207,41.1642
1288,-8.6207,41.1642,-8.6207,41.1642
1289,-8.6206,41.1642,-8.6206,41.1642
1290,-8.6206,41.1642,-8.6206,41.1642
1291,-8.6206,41.1642,-8.6206,41.1642
1292,-8.6206,41.1642,-8.6206,41.1642
1293,-8.6206,41.1642,-8.6206,41.1642
1294,-8.6206,41.1642,-8.6206,41.1642
1295,-8.6206,41.1642,-8.6206,41.1642
1296,-8.6206,41.1642,-8.6206,41.1642
1297,-8.6206,41.1642,-8.6206,41.1642
1298,-8.6206,41.1642,-8.6206,41.1642
1299,-8.6206,41.1642,-8.6206,41.1642
1300,-8.6206,41.1642,-8.6206,41.1642
1301,-8.6206,41.1642,-8.6206,41.1642
1302,-8.6206,41.1642,-8.6206,41.1642
1303,-8.6206,41.1645,-8.6206,41.1645
1304,-8.6207,41.1641,-8.6207,41.1641
1305,-8.6207,41.1641,-8.6207,41.1641
1306,-8.6207,41.1640,-8.6207,41.1640
1307,-8.6207,41.1640,-8.6207,41.1640
1308,-8.6207,41.1640,-8.6207,41.1640
1309,-8.6209,41.1639,-8.6209,41.1639
1310,-8.6227,41.1640,-8.6227,41.1640
1311,-8.6246,41.1644,-8.6246,41.1644
1312,-8.6246,41.1644,-8.6246,41.1644
1313,-8.6246,41.1645,-8.6246,41.1645
1314,-8.6251,41.1645,-8.6251,41.1645
1315,-8.6279,41.1648,-8.6279,41.1648
1316,-8.6306,41.1651,-8.6306,41.1651
1317,-8.6329,41.1640,-8.6329,41.1640
1318,-8.6350,41.1630,-8.6350,41.1630
1319,-8.6368,41.1621,-8.6368,41.1621
1320,-8.6385,41.1615,-8.6385,41.1615
1321,-8.6402,41.1606,-8.6402,41.1606
1322,-8.6417,41.1602,-8.6417,41.1602
1323,-8.6435,41.1603,-8.6435,41.1603
1324,-8.6459,41.1608,-8.6459,41.1608
1325,-8.6486,41.1612,-8.6486,41.1612
1326,-8.6511,41.1616,-8.6511,41.1616
1327,-8.6540,41.1621,-8.6540,41.1621
1328,-8.6553,41.1623,-8.6553,41.1623
1329,-8.6553,41.1623,-8.6553,41.1623
1330,-8.6557,41.1623,-8.6557,41.1623
1331,-8.6573,41.1615,-8.6573,41.1615
1332,-8.6596,41.1605,-8.6596,41.1605
1333,-8.6621,41.1594,-8.6621,41.1594
1334,-8.6644,41.1585,-8.6644,41.1585
1335,-8.6665,41.1577,-8.6665,41.1577
1336,-8.6691,41.1567,-8.6691,41.1567
1337,-8.6715,41.1558,-8.6715,41.1558
1338,-8.6717,41.1557,-8.6717,41.1557
1339,-8.6729,41.1555,-8.6729,41.1555
1340,-8.6740,41.1544,-8.6740,41.1544
1341,-8.6756,41.1535,-8.6756,41.1535
1342,-8.6772,41.1525,-8.6772,41.1525
1343,-8.6779,41.1525,-8.6779,41.1525
1344,-8.6788,41.1534,-8.6788,41.1534
1345,-8.6783,41.1524,-8.6783,41.1524
1346,-8.6775,41.1511,-8.6775,41.1511
1347,-8.6762,41.1499,-8.6762,41.1499
1348,-8.6759,41.1499,-8.6759,41.1499
1349,-8.6759,41.1500,-8.6759,41.1500
1350,-8.6759,41.1499,-8.6759,41.1499
1351,-8.6759,41.1499,-8.6759,41.1499
1352,-8.6759,41.1499,-8.6759,41.1499
1353,-8.6758,41.1499,-8.6758,41.1499
1354,-8.6758,41.1499,-8.6758,41.1499
1355,-8.6758,41.1499,-8.6758,41.1499
1356,-8.6758,41.1499,-8.6758,41.1499
1357,-8.6759,41.1499,-8.6759,41.1499
1358,-8.6759,41.1499,-8.6759,41.1499
1359,-8.6758,41.1499,-8.6758,41.1499
1360,-8.6759,41.1499,-8.6759,41.1499
1361,-8.6759,41.1499,-8.6759,41.1499
1362,-8.6758,41.1499,-8.6758,41.1499
1363,-8.6758,41.1499,-8.6758,41.1499
1364,-8.6759,41.1499,-8.6759,41.1499
1365,-8.6759,41.1499,-8.6759,41.1499
1366,-8.6758,41.1499,-8.6758,41.1499
1367,-8.6758,41.1499,-8.6758,41.1499
1368,-8.6758,41.1499,-8.6758,41.1499
1369,-8.6758,41.1499,-8.6758,41.1499
1370,-8.6758,41.1499,-8.6758,41.1499
1371,-8.6758,41.1499,-8.6758,41.1499
1372,-8.6758,41.1499,-8.6758,41.1499
1373,-8.6758,41.1499,-8.6758,41.1499
1374,-8.6758,41.1499,-8.6758,41.1499
1375,-8.6759,41.1499,-8.6759,41.1499
1376,-8.6759,41.1499,-8.6759,41.1499
1377,-8.6759,41.1499,-8.6759,41.1499
1378,-8.6759,41.1499,-8.6759,41.1499
1379,-8.6759,41.1499,-8.6759,41.1499
1380,-8.6759,41.1499,-8.6759,41.1499
1381,-8.6759,41.1499,-8.6759,41.1499
1382,-8.6759,41.1499,-8.6759,41.1499
1383,-8.6759,41.1499,-8.6759,41.1499
1384,-8.6759,41.1499,-8.6759,41.1499
1385,-8.6758,41.1499,-8.6758,41.1499
1386,-8.6758,41.1499,-8.6758,41.1499
1387,-8.6758,41.1499,-8.6758,41.1499
1388,-8.6757,41.1500,-8.6757,41.1500
1389,-8.6757,41.1500,-8.6757,41.1500
1390,-8.6758,41.1500,-8.6758,41.1500
1391,-8.6758,41.1500,-8.6758,41.1500
1392,-8.6758,41.1500,-8.6758,41.1500
1393,-8.6758,41.1499,-8.6758,41.1499
1394,-8.6760,41.1503,-8.6760,41.1503
1395,-8.6770,41.1518,-8.6770,41.1518
1396,-8.6784,41.1531,-8.6784,41.1531
1397,-8.6792,41.1540,-8.6792,41.1540
1398,-8.6800,41.1549,-8.6800,41.1549
1399,-8.6794,41.1541,-8.6794,41.1541
1400,-8.6786,41.1529,-8.6786,41.1529
1401,-8.6783,41.1526,-8.6783,41.1526
1402,-8.6783,41.1526,-8.6783,41.1526
1403,-8.6779,41.1518,-8.6779,41.1518
1404,-8.6770,41.1507,-8.6770,41.1507
1405,-8.6760,41.1498,-8.6760,41.1498
1406,-8.6759,41.1502,-8.6759,41.1502
1407,-8.6763,41.1507,-8.6763,41.1507
1408,-8.6771,41.1519,-8.6771,41.1519
1409,-8.6785,41.1531,-8.6785,41.1531
1410,-8.6786,41.1530,-8.6786,41.1530
1411,-8.6777,41.1515,-8.6777,41.1515
1412,-8.6765,41.1503,-8.6765,41.1503
1413,-8.6759,41.1499,-8.6759,41.1499
1414,-8.6758,41.1499,-8.6758,41.1499
1415,-8.6757,41.1499,-8.6757,41.1499
1416,-8.6757,41.1499,-8.6757,41.1499
1417,-8.6757,41.1499,-8.6757,41.1499
1418,-8.6757,41.1499,-8.6757,41.1499
1419,-8.6757,41.1499,-8.6757,41.1499
1420,-8.6757,41.1499,-8.6757,41.1499
1421,-8.6757,41.1499,-8.6757,41.1499
1422,-8.6756,41.1499,-8.6756,41.1499
1423,-8.6757,41.1499,-8.6757,41.1499
1424,-8.6757,41.1499,-8.6757,41.1499
1425,-8.6757,41.1499,-8.6757,41.1499
1426,-8.6757,41.1499,-8.6757,41.1499
1427,-8.6757,41.1499,-8.6757,41.1499
1428,-8.6757,41.1499,-8.6757,41.1499
1429,-8.6757,41.1499,-8.6757,41.1499
1430,-8.6757,41.1499,-8.6757,41.1499
1431,-8.6757,41.1499,-8.6757,41.1499
1432,-8.6757,41.1499,-8.6757,41.1499
1433,-8.6757,41.1499,-8.6757,41.1499
1434,-8.6757,41.1499,-8.6757,41.1499
1435,-8.6757,41.1499,-8.6757,41.1499
1436,-8.6757,41.1499,-8.6757,41.1499
1437,-8.6757,41.1499,-8.6757,41.1499
1438,-8.6757,41.1499,-8.6757,41.1499
1439,-8.6757,41.1499,-8.6757,41.1499
1440,-8.6757,41.1499,-8.6757,41.1499
1441,-8.6757,41.1499,-8.6757,41.1499
1442,-8.6757,41.1499,-8.6757,41.1499
1443,-8.6757,41.1500,-8.6757,41.1500
1444,-8.6758,41.1500,-8.6758,41.1500
1445,-8.6757,41.1500,-8.6757,41.1500
1446,-8.6757,41.1499,-8.6757,41.1499
1447,-8.6757,41.1499,-8.6757,41.1499
1448,-8.6758,41.1499,-8.6758,41.1499
1449,-8.6757,41.1499,-8.6757,41.1499
1450,-8.6757,41.1499,-8.6757,41.1499
1451,-8.6758,41.1499,-8.6758,41.1499
1452,-8.6757,41.1499,-8.6757,41.1499
1453,-8.6757,41.1499,-8.6757,41.1499
1454,-8.6758,41.1499,-8.6758,41.1499
1455,-8.6757,41.1499,-8.6757,41.1499
1456,-8.6757,41.1499,-8.6757,41.1499
1457,-8.6758,41.1500,-8.6758,41.1500
1458,-8.6758,41.1500,-8.6758,41.1500
1459,-8.6757,41.1499,-8.6757,41.1499
1460,-8.6757,41.1499,-8.6757,41.1499
1461,-8.6757,41.1499,-8.6757,41.1499
1462,-8.6757,41.1499,-8.6757,41.1499
1463,-8.6757,41.1499,-8.6757,41.1499
1464,-8.6757,41.1499,-8.6757,41.1499
1465,-8.6757,41.1499,-8.6757,41.1499
1466,-8.6757,41.1499,-8.6757,41.1499
1467,-8.6757,41.1499,-8.6757,41.1499
1468,-8.6757,41.1499,-8.6757,41.1499
1469,-8.6757,41.1499,-8.6757,41.1499
1470,-8.6757,41.1499,-8.6757,41.1499
1471,-8.6757,41.1499,-8.6757,41.1499
1472,-8.6757,41.1499,-8.6757,41.1499
1473,-8.6757,41.1499,-8.6757,41.1499
1474,-8.6757,41.1499,-8.6757,41.1499
1475,-8.6757,41.1499,-8.6757,41.1499
1476,-8.6757,41.1499,-8.6757,41.1499
1477,-8.6758,41.1499,-8.6758,41.1499
1478,-8.6758,41.1499,-8.6758,41.1499
1479,-8.6758,41.1499,-8.6758,41.1499
1480,-8.6758,41.1499,-8.6758,41.1499
1481,-8.6758,41.1499,-8.6758,41.1499
1482,-8.6758,41.1499,-8.6758,41.1499
1483,-8.6758,41.1499,-8.6758,41.1499
1484,-8.6758,41.1499,-8.6758,41.1499
1485,-8.6757,41.1499,-8.6757,41.1499
1486,-8.6757,41.1499,-8.6757,41.1499
1487,-8.6757,41.1499,-8.6757,41.1499
1488,-8.6757,41.1499,-8.6757,41.1499
1489,-8.6757,41.1499,-8.6757,41.1499
1490,-8.6758,41.1499,-8.6758,41.1499
1491,-8.6758,41.1499,-8.6758,41.1499
1492,-8.6758,41.1499,-8.6758,41.1499
1493,-8.6758,41.1499,-8.6758,41.1499
1494,-8.6757,41.1499,-8.6757,41.1499
1495,-8.6757,41.1499,-8.6757,41.1499
1496,-8.6757,41.1499,-8.6757,41.1499
1497,-8.6757,41.1499,-8.6757,41.1499
1498,-8.6757,41.1499,-8.6757,41.1499
1499,-8.6757,41.1499,-8.6757,41.1499
1500,-8.6757,41.1499,-8.6757,41.1499
1501,-8.6758,41.1499,-8.6758,41.1499
1502,-8.6758,41.1499,-8.6758,41.1499
1503,-8.6758,41.1499,-8.6758,41.1499
1504,-8.6758,41.1499,-8.6758,41.1499
1505,-8.6758,41.1499,-8.6758,41.1499
1506,-8.6758,41.1499,-8.6758,41.1499
1507,-8.6758,41.1499,-8.6758,41.1499
1508,-8.6758,41.1499,-8.6758,41.1499
1509,-8.6758,41.1499,-8.6758,41.1499
1510,-8.6757,41.1499,-8.6757,41.1499
1511,-8.6757,41.1499,-8.6757,41.1499
1512,-8.6757,41.1499,-8.6757,41.1499
1513,-8.6757,41.1499,-8.6757,41.1499
1514,-8.6757,41.1499,-8.6757,41.1499
1515,-8.6758,41.1499,-8.6758,41.1499
1516,-8.6757,41.1499,-8.6757,41.1499
1517,-8.6758,41.1499,-8.6758,41.1499
1518,-8.6758,41.1499,-8.6758,41.1499
1519,-8.6758,41.1499,-8.6758,41.1499
1520,-8.6758,41.1499,-8.6758,41.1499
1521,-8.6758,41.1499,-8.6758,41.1499
1522,-8.6758,41.1499,-8.6758,41.1499
1523,-8.6758,41.1499,-8.6758,41.1499
1524,-8.6758,41.1499,-8.6758,41.1499
1525,-8.6758,41.1499,-8.6758,41.1499
1526,-8.6758,41.1499,-8.6758,41.1499
1527,-8.6758,41.1498,-8.6758,41.1498
1528,-8.6758,41.1498,-8.6758,41.1498
1529,-8.6758,41.1499,-8.6758,41.1499
1530,-8.6758,41.1499,-8.6758,41.1499
1531,-8.6758,41.1499,-8.6758,41.1499
1532,-8.6758,41.1499,-8.6758,41.1499
1533,-8.6758,41.1499,-8.6758,41.1499
1534,-8.6758,41.1499,-8.6758,41.1499
1535,-8.6758,41.1499,-8.6758,41.1499
1536,-8.6758,41.1499,-8.6758,41.1499
1537,-8.6758,41.1499,-8.6758,41.1499
1538,-8.6758,41.1499,-8.6758,41.1499
1539,-8.6758,41.1499,-8.6758,41.1499
1540,-8.6758,41.1499,-8.6758,41.1499
1541,-8.6758,41.1499,-8.6758,41.1499
1542,-8.6758,41.1499,-8.6758,41.1499
1543,-8.6758,41.1499,-8.6758,41.1499
1544,-8.6758,41.1499,-8.6758,41.1499
1545,-8.6758,41.1498,-8.6758,41.1498
1546,-8.6757,41.1498,-8.6757,41.1498
1547,-8.6757,41.1498,-8.6757,41.1498
1548,-8.6758,41.1498,-8.6758,41.1498
1549,-8.6757,41.1498,-8.6757,41.1498
1550,-8.6757,41.1498,-8.6757,41.1498
1551,-8.6758,41.1499,-8.6758,41.1499
1552,-8.6758,41.1499,-8.6758,41.1499
1553,-8.6758,41.1499,-8.6758,41.1499
1554,-8.6758,41.1499,-8.6758,41.1499
1555,-8.6758,41.1499,-8.6758,41.1499
1556,-8.6758,41.1499,-8.6758,41.1499
1557,-8.6758,41.1499,-8.6758,41.1499
1558,-8.6758,41.1499,-8.6758,41.1499
1559,-8.6758,41.1499,-8.6758,41.1499
1560,-8.6758,41.1499,-8.6758,41.1499
1561,-8.6758,41.1499,-8.6758,41.1499
1562,-8.6758,41.1499,-8.6758,41.1499
1563,-8.6758,41.1499,-8.6758,41.1499
1564,-8.6758,41.1499,-8.6758,41.1499
1565,-8.6757,41.1499,-8.6757,41.1499
1566,-8.6757,41.1499,-8.6757,41.1499
1567,-8.6757,41.1499,-8.6757,41.1499
1568,-8.6757,41.1499,-8.6757,41.1499
1569,-8.6757,41.1499,-8.6757,41.1499
1570,-8.6757,41.1499,-8.6757,41.1499
1571,-8.6757,41.1498,-8.6757,41.1498
1572,-8.6758,41.1499,-8.6758,41.1499
1573,-8.6758,41.1499,-8.6758,41.1499
1574,-8.6757,41.1499,-8.6757,41.1499
1575,-8.6757,41.1499,-8.6757,41.1499
1576,-8.6757,41.1499,-8.6757,41.1499
1577,-8.6757,41.1499,-8.6757,41.1499
1578,-8.6757,41.1499,-8.6757,41.1499
1579,-8.6757,41.1499,-8.6757,41.1499
1580,-8.6757,41.1499,-8.6757,41.1499
1581,-8.6758,41.1499,-8.6758,41.1499
1582,-8.6758,41.1499,-8.6758,41.1499
1583,-8.6758,41.1499,-8.6758,41.1499
1584,-8.6758,41.1498,-8.6758,41.1498
1585,-8.6758,41.1498,-8.6758,41.1498
1586,-8.6757,41.1498,-8.6757,41.1498
1587,-8.6758,41.1498,-8.6758,41.1498
1588,-8.6758,41.1498,-8.6758,41.1498
1589,-8.6758,41.1498,-8.6758,41.1498
1590,-8.6758,41.1498,-8.6758,41.1498
1591,-8.6759,41.1499,-8.6759,41.1499
1592,-8.6758,41.1499,-8.6758,41.1499
1593,-8.6757,41.1499,-8.6757,41.1499
1594,-8.6757,41.1499,-8.6757,41.1499
1595,-8.6757,41.1499,-8.6757,41.1499
1596,-8.6757,41.1499,-8.6757,41.1499
1597,-8.6758,41.1499,-8.6758,41.1499
1598,-8.6758,41.1499,-8.6758,41.1499
1599,-8.6758,41.1499,-8.6758,41.1499
1600,-8.6758,41.1499,-8.6758,41.1499
1601,-8.6758,41.1498,-8.6758,41.1498
1602,-8.6758,41.1498,-8.6758,41.1498
1603,-8.6758,41.1498,-8.6758,41.1498
1604,-8.6758,41.1498,-8.6758,41.1498
1605,-8.6758,41.1498,-8.6758,41.1498
1606,-8.6758,41.1498,-8.6758,41.1498
1607,-8.6758,41.1498,-8.6758,41.1498
1608,-8.6758,41.1498,-8.6758,41.1498
1609,-8.6757,41.1498,-8.6757,41.1498
1610,-8.6757,41.1498,-8.6757,41.1498
1611,-8.6757,41.1498,-8.6757,41.1498
1612,-8.6757,41.1498,-8.6757,41.1498
1613,-8.6757,41.1498,-8.6757,41.1498
1614,-8.6757,41.1498,-8.6757,41.1498
1615,-8.6758,41.1498,-8.6758,41.1498
1616,-8.6757,41.1498,-8.6757,41.1498
1617,-8.6757,41.1498,-8.6757,41.1498
1618,-8.6756,41.1498,-8.6756,41.1498
1619,-8.6757,41.1498,-8.6757,41.1498
1620,-8.6757,41.1498,-8.6757,41.1498
1621,-8.6757,41.1498,-8.6757,41.1498
1622,-8.6757,41.1498,-8.6757,41.1498
1623,-8.6757,41.1498,-8.6757,41.1498
1624,-8.6757,41.1498,-8.6757,41.1498
1625,-8.6757,41.1498,-8.6757,41.1498
1626,-8.6758,41.1498,-8.6758,41.1498
1627,-8.6758,41.1498,-8.6758,41.1498
1628,-8.6758,41.1498,-8.6758,41.1498
1629,-8.6758,41.1498,-8.6758,41.1498
1630,-8.6757,41.1498,-8.6757,41.1498
1631,-8.6757,41.1498,-8.6757,41.1498
1632,-8.6757,41.1498,-8.6757,41.1498
1633,-8.6757,41.1498,-8.6757,41.1498
1634,-8.6758,41.1498,-8.6758,41.1498
1635,-8.6758,41.1498,-8.6758,41.1498
1636,-8.6758,41.1498,-8.6758,41.1498
1637,-8.6758,41.1498,-8.6758,41.1498
1638,-8.6758,41.1498,-8.6758,41.1498
1639,-8.6758,41.1499,-8.6758,41.1499
1640,-8.6758,41.1499,-8.6758,41.1499
1641,-8.6758,41.1498,-8.6758,41.1498
1642,-8.6758,41.1498,-8.6758,41.1498
1643,-8.6758,41.1498,-8.6758,41.1498
1644,-8.6757,41.1498,-8.6757,41.1498
1645,-8.6757,41.1498,-8.6757,41.1498
1646,-8.6757,41.1498,-8.6757,41.1498
1647,-8.6757,41.1498,-8.6757,41.1498
1648,-8.6757,41.1498,-8.6757,41.1498
1649,-8.6757,41.1498,-8.6757,41.1498
1650,-8.6757,41.1498,-8.6757,41.1498
1651,-8.6757,41.1498,-8.6757,41.1498
1652,-8.6757,41.1498,-8.6757,41.1498
1653,-8.6757,41.1499,-8.6757,41.1499
1654,-8.6758,41.1499,-8.6758,41.1499
1655,-8.6758,41.1499,-8.6758,41.1499
1656,-8.6758,41.1499,-8.6758,41.1499
1657,-8.6311,41.1649,-8.6311,41.1649
1658,-8.6334,41.1638,-8.6334,41.1638
1659,-8.6758,41.1499,-8.6758,41.1499
1660,-8.6758,41.1499,-8.6758,41.1499
1661,-8.6758,41.1499,-8.6758,41.1499
1662,-8.6758,41.1499,-8.6758,41.1499
1663,-8.6758,41.1499,-8.6758,41.1499
1664,-8.6757,41.1498,-8.6757,41.1498
1665,-8.6758,41.1499,-8.6758,41.1499
1666,-8.6758,41.1499,-8.6758,41.1499
1667,-8.6758,41.1499,-8.6758,41.1499
1668,-8.6758,41.1499,-8.6758,41.1499
1669,-8.6758,41.1499,-8.6758,41.1499
1670,-8.6757,41.1499,-8.6757,41.1499
1671,-8.6758,41.1499,-8.6758,41.1499
1672,-8.6758,41.1499,-8.6758,41.1499
1673,-8.6758,41.1499,-8.6758,41.1499
1674,-8.6758,41.1499,-8.6758,41.1499
1675,-8.6758,41.1499,-8.6758,41.1499
1676,-8.6758,41.1499,-8.6758,41.1499
1677,-8.6758,41.1499,-8.6758,41.1499
1678,-8.6758,41.1499,-8.6758,41.1499
1679,-8.6758,41.1499,-8.6758,41.1499
1680,-8.6758,41.1499,-8.6758,41.1499
1681,-8.6758,41.1499,-8.6758,41.1499
1682,-8.6758,41.1499,-8.6758,41.1499
1683,-8.6757,41.1499,-8.6757,41.1499
1684,-8.6757,41.1499,-8.6757,41.1499
1685,-8.6758,41.1499,-8.6758,41.1499
1686,-8.6758,41.1499,-8.6758,41.1499
1687,-8.6758,41.1499,-8.6758,41.1499
1688,-8.6758,41.1499,-8.6758,41.1499
1689,-8.6759,41.1502,-8.6759,41.1502
1690,-8.6765,41.1511,-8.6765,41.1511
1691,-8.6775,41.1521,-8.6775,41.1521
1692,-8.6767,41.1528,-8.6767,41.1528
1693,-8.6758,41.1534,-8.6758,41.1534
1694,-8.6765,41.1542,-8.6765,41.1542
1695,-8.6775,41.1549,-8.6775,41.1549
1696,-8.6783,41.1556,-8.6783,41.1556
1697,-8.6788,41.1554,-8.6788,41.1554
1698,-8.6788,41.1553,-8.6788,41.1553
1699,-8.6788,41.1553,-8.6788,41.1553
1700,-8.6788,41.1553,-8.6788,41.1553
1701,-8.6788,41.1553,-8.6788,41.1553
1702,-8.6788,41.1554,-8.6788,41.1554
1703,-8.6788,41.1554,-8.6788,41.1554
1704,-8.6788,41.1554,-8.6788,41.1554
1705,-8.6788,41.1554,-8.6788,41.1554
1706,-8.6788,41.1554,-8.6788,41.1554
1707,-8.6788,41.1554,-8.6788,41.1554
1708,-8.6788,41.1554,-8.6788,41.1554
1709,-8.6788,41.1554,-8.6788,41.1554
1710,-8.6788,41.1553,-8.6788,41.1553
1711,-8.6788,41.1553,-8.6788,41.1553
1712,-8.6788,41.1553,-8.6788,41.1553
1713,-8.6788,41.1553,-8.6788,41.1553
1714,-8.6788,41.1553,-8.6788,41.1553
1715,-8.6788,41.1553,-8.6788,41.1553
1716,-8.6788,41.1553,-8.6788,41.1553
1717,-8.6788,41.1553,-8.6788,41.1553
1718,-8.6788,41.1552,-8.6788,41.1552
1719,-8.6788,41.1551,-8.6788,41.1551
1720,-8.6788,41.1552,-8.6788,41.1552
1721,-8.6788,41.1552,-8.6788,41.1552
1722,-8.6788,41.1552,-8.6788,41.1552
1723,-8.6788,41.1552,-8.6788,41.1552
1724,-8.6788,41.1553,-8.6788,41.1553
1725,-8.6788,41.1552,-8.6788,41.1552
1726,-8.6788,41.1553,-8.6788,41.1553
1727,-8.6788,41.1554,-8.6788,41.1554
1728,-8.6788,41.1554,-8.6788,41.1554
1729,-8.6788,41.1554,-8.6788,41.1554
1730,-8.6788,41.1554,-8.6788,41.1554
1731,-8.6788,41.1554,-8.6788,41.1554
1732,-8.6788,41.1554,-8.6788,41.1554
1733,-8.6788,41.1554,-8.6788,41.1554
1734,-8.6788,41.1554,-8.6788,41.1554
1735,-8.6788,41.1554,-8.6788,41.1554
1736,-8.6788,41.1554,-8.6788,41.1554
1737,-8.6788,41.1554,-8.6788,41.1554
1738,-8.6788,41.1554,-8.6788,41.1554
1739,-8.6788,41.1554,-8.6788,41.1554
1740,-8.6788,41.1554,-8.6788,41.1554
1741,-8.6788,41.1554,-8.6788,41.1554
1742,-8.6788,41.1554,-8.6788,41.1554
1743,-8.6788,41.1554,-8.6788,41.1554
1744,-8.6788,41.1553,-8.6788,41.1553
1745,-8.6788,41.1553,-8.6788,41.1553
1746,-8.6788,41.1554,-8.6788,41.1554
1747,-8.6788,41.1554,-8.6788,41.1554
1748,-8.6788,41.1554,-8.6788,41.1554
1749,-8.6788,41.1553,-8.6788,41.1553
1750,-8.6788,41.1553,-8.6788,41.1553
1751,-8.6788,41.1553,-8.6788,41.1553
1752,-8.6788,41.1553,-8.6788,41.1553
1753,-8.6788,41.1553,-8.6788,41.1553
1754,-8.6788,41.1553,-8.6788,41.1553
1755,-8.6788,41.1553,-8.6788,41.1553
1756,-8.6788,41.1553,-8.6788,41.1553
1757,-8.6788,41.1553,-8.6788,41.1553
1758,-8.6789,41.1553,-8.6789,41.1553
1759,-8.6789,41.1553,-8.6789,41.1553
1760,-8.6788,41.1552,-8.6788,41.1552
1761,-8.6789,41.1552,-8.6789,41.1552
1762,-8.6789,41.1553,-8.6789,41.1553
1763,-8.6789,41.1553,-8.6789,41.1553
1764,-8.6789,41.1553,-8.6789,41.1553
1765,-8.6789,41.1554,-8.6789,41.1554
1766,-8.6789,41.1554,-8.6789,41.1554
1767,-8.6789,41.1554,-8.6789,41.1554
1768,-8.6789,41.1553,-8.6789,41.1553
1769,-8.6789,41.1553,-8.6789,41.1553
1770,-8.6789,41.1553,-8.6789,41.1553
1771,-8.6789,41.1553,-8.6789,41.1553
1772,-8.6788,41.1553,-8.6788,41.1553
1773,-8.6788,41.1553,-8.6788,41.1553
1774,-8.6789,41.1553,-8.6789,41.1553
1775,-8.6789,41.1553,-8.6789,41.1553
1776,-8.6789,41.1553,-8.6789,41.1553
1777,-8.6789,41.1553,-8.6789,41.1553
1778,-8.6789,41.1553,-8.6789,41.1553
1779,-8.6789,41.1553,-8.6789,41.1553
1780,-8.6788,41.1553,-8.6788,41.1553
1781,-8.6788,41.1553,-8.6788,41.1553
1782,-8.6788,41.1553,-8.6788,41.1553
1783,-8.6788,41.1554,-8.6788,41.1554
1784,-8.6787,41.1554,-8.6787,41.1554
1785,-8.6788,41.1554,-8.6788,41.1554
1786,-8.6788,41.1553,-8.6788,41.1553
1787,-8.6788,41.1553,-8.6788,41.1553
1788,-8.6788,41.1553,-8.6788,41.1553
1789,-8.6788,41.1553,-8.6788,41.1553
1790,-8.6788,41.1553,-8.6788,41.1553
1791,-8.6788,41.1553,-8.6788,41.1553
1792,-8.6788,41.1554,-8.6788,41.1554
1793,-8.6788,41.1554,-8.6788,41.1554
1794,-8.6788,41.1554,-8.6788,41.1554
1795,-8.6788,41.1554,-8.6788,41.1554
1796,-8.6788,41.1553,-8.6788,41.1553
1797,-8.6788,41.1553,-8.6788,41.1553
1798,-8.6788,41.1553,-8.6788,41.1553
1799,-8.6788,41.1554,-8.6788,41.1554
1800,-8.6788,41.1554,-8.6788,41.1554
1801,-8.6788,41.1554,-8.6788,41.1554
1802,-8.6788,41.1554,-8.6788,41.1554
1803,-8.6788,41.1554,-8.6788,41.1554
1804,-8.6788,41.1553,-8.6788,41.1553
1805,-8.6788,41.1553,-8.6788,41.1553
1806,-8.6788,41.1553,-8.6788,41.1553
1807,-8.6788,41.1554,-8.6788,41.1554
1808,-8.6788,41.1553,-8.6788,41.1553
1809,-8.6788,41.1553,-8.6788,41.1553
1810,-8.6788,41.1553,-8.6788,41.1553
1811,-8.6788,41.1553,-8.6788,41.1553
1812,-8.6788,41.1554,-8.6788,41.1554
1813,-8.6788,41.1554,-8.6788,41.1554
1814,-8.6788,41.1553,-8.6788,41.1553
1815,-8.6788,41.1553,-8.6788,41.1553
1816,-8.6788,41.1553,-8.6788,41.1553
1817,-8.6788,41.1553,-8.6788,41.1553
1818,-8.6788,41.1553,-8.6788,41.1553
1819,-8.6788,41.1553,-8.6788,41.1553
1820,-8.6788,41.1553,-8.6788,41.1553
1821,-8.6788,41.1554,-8.6788,41.1554
1822,-8.6788,41.1554,-8.6788,41.1554
1823,-8.6788,41.1553,-8.6788,41.1553
1824,-8.6788,41.1553,-8.6788,41.1553
1825,-8.6788,41.1553,-8.6788,41.1553
1826,-8.6788,41.1554,-8.6788,41.1554
1827,-8.6788,41.1554,-8.6788,41.1554
1828,-8.6788,41.1554,-8.6788,41.1554
1829,-8.6788,41.1554,-8.6788,41.1554
1830,-8.6788,41.1554,-8.6788,41.1554
1831,-8.6788,41.1554,-8.6788,41.1554
1832,-8.6788,41.1554,-8.6788,41.1554
1833,-8.6788,41.1554,-8.6788,41.1554
1834,-8.6788,41.1554,-8.6788,41.1554
1835,-8.6788,41.1554,-8.6788,41.1554
1836,-8.6788,41.1554,-8.6788,41.1554
1837,-8.6788,41.1554,-8.6788,41.1554
1838,-8.6788,41.1554,-8.6788,41.1554
1839,-8.6788,41.1554,-8.6788,41.1554
1840,-8.6788,41.1554,-8.6788,41.1554
1841,-8.6788,41.1554,-8.6788,41.1554
1842,-8.6788,41.1554,-8.6788,41.1554
1843,-8.6788,41.1554,-8.6788,41.1554
1844,-8.6788,41.1554,-8.6788,41.1554
1845,-8.6788,41.1554,-8.6788,41.1554
1846,-8.6788,41.1554,-8.6788,41.1554
1847,-8.6788,41.1554,-8.6788,41.1554
1848,-8.6788,41.1554,-8.6788,41.1554
1849,-8.6788,41.1553,-8.6788,41.1553
1850,-8.6788,41.1553,-8.6788,41.1553
1851,-8.6788,41.1553,-8.6788,41.1553
1852,-8.6788,41.1553,-8.6788,41.1553
1853,-8.6788,41.1553,-8.6788,41.1553
1854,-8.6788,41.1553,-8.6788,41.1553
1855,-8.6788,41.1553,-8.6788,41.1553
1856,-8.6788,41.1553,-8.6788,41.1553
1857,-8.6788,41.1553,-8.6788,41.1553
1858,-8.6788,41.1553,-8.6788,41.1553
1859,-8.6788,41.1553,-8.6788,41.1553
1860,-8.6788,41.1553,-8.6788,41.1553
1861,-8.6788,41.1553,-8.6788,41.1553
1862,-8.6788,41.1553,-8.6788,41.1553
1863,-8.6788,41.1553,-8.6788,41.1553
1864,-8.6788,41.1553,-8.6788,41.1553
1865,-8.6788,41.1553,-8.6788,41.1553
1866,-8.6788,41.1553,-8.6788,41.1553
1867,-8.6788,41.1553,-8.6788,41.1553
1868,-8.6788,41.1553,-8.6788,41.1553
1869,-8.6788,41.1553,-8.6788,41.1553
1870,-8.6788,41.1553,-8.6788,41.1553
1871,-8.6788,41.1553,-8.6788,41.1553
1872,-8.6789,41.1553,-8.6789,41.1553
1873,-8.6789,41.1553,-8.6789,41.1553
1874,-8.6789,41.1553,-8.6789,41.1553
1875,-8.6789,41.1553,-8.6789,41.1553
1876,-8.6789,41.1553,-8.6789,41.1553
1877,-8.6789,41.1553,-8.6789,41.1553
1878,-8.6789,41.1553,-8.6789,41.1553
1879,-8.6789,41.1553,-8.6789,41.1553
1880,-8.6789,41.1553,-8.6789,41.1553
1881,-8.6789,41.1553,-8.6789,41.1553
1882,-8.6789,41.1553,-8.6789,41.1553
1883,-8.6789,41.1553,-8.6789,41.1553
1884,-8.6789,41.1553,-8.6789,41.1553
1885,-8.6789,41.1554,-8.6789,41.1554
1886,-8.6789,41.1554,-8.6789,41.1554
1887,-8.6789,41.1554,-8.6789,41.1554
1888,-8.6789,41.1554,-8.6789,41.1554
1889,-8.6788,41.1554,-8.6788,41.1554
1890,-8.6788,41.1554,-8.6788,41.1554
1891,-8.6789,41.1554,-8.6789,41.1554
1892,-8.6789,41.1554,-8.6789,41.1554
1893,-8.6789,41.1554,-8.6789,41.1554
1894,-8.6789,41.1554,-8.6789,41.1554
1895,-8.6789,41.1554,-8.6789,41.1554
1896,-8.6789,41.1554,-8.6789,41.1554
1897,-8.6789,41.1554,-8.6789,41.1554
1898,-8.6789,41.1553,-8.6789,41.1553
1899,-8.6789,41.1553,-8.6789,41.1553
1900,-8.6789,41.1553,-8.6789,41.1553
1901,-8.6789,41.1553,-8.6789,41.1553
1902,-8.6789,41.1553,-8.6789,41.1553
1903,-8.6789,41.1553,-8.6789,41.1553
1904,-8.6789,41.1553,-8.6789,41.1553
1905,-8.6788,41.1553,-8.6788,41.1553
1906,-8.6788,41.1553,-8.6788,41.1553
1907,-8.6788,41.1553,-8.6788,41.1553
1908,-8.6788,41.1553,-8.6788,41.1553
1909,-8.6788,41.1553,-8.6788,41.1553
1910,-8.6788,41.1553,-8.6788,41.1553
1911,-8.6788,41.1553,-8.6788,41.1553
1912,-8.6788,41.1553,-8.6788,41.1553
1913,-8.6788,41.1553,-8.6788,41.1553
1914,-8.6788,41.1553,-8.6788,41.1553
1915,-8.6788,41.1553,-8.6788,41.1553
1916,-8.6788,41.1553,-8.6788,41.1553
1917,-8.6788,41.1553,-8.6788,41.1553
1918,-8.6788,41.1553,-8.6788,41.1553
1919,-8.6788,41.1553,-8.6788,41.1553
1920,-8.6788,41.1553,-8.6788,41.1553
1921,-8.6788,41.1553,-8.6788,41.1553
1922,-8.6788,41.1553,-8.6788,41.1553
1923,-8.6788,41.1553,-8.6788,41.1553
1924,-8.6788,41.1553,-8.6788,41.1553
1925,-8.6788,41.1553,-8.6788,41.1553
1926,-8.6788,41.1553,-8.6788,41.1553
1927,-8.6788,41.1553,-8.6788,41.1553
1928,-8.6788,41.1553,-8.6788,41.1553
1929,-8.6788,41.1553,-8.6788,41.1553
1930,-8.6788,41.1553,-8.6788,41.1553
1931,-8.6788,41.1553,-8.6788,41.1553
1932,-8.6788,41.1553,-8.6788,41.1553
1933,-8.6788,41.1553,-8.6788,41.1553
1934,-8.6788,41.1553,-8.6788,41.1553
1935,-8.6788,41.1553,-8.6788,41.1553
1936,-8.6788,41.1553,-8.6788,41.1553
1937,-8.6788,41.1553,-8.6788,41.1553
1938,-8.6788,41.1553,-8.6788,41.1553
1939,-8.6789,41.1553,-8.6789,41.1553
1940,-8.6789,41.1553,-8.6789,41.1553
1941,-8.6788,41.1553,-8.6788,41.1553
1942,-8.6788,41.1553,-8.6788,41.1553
1943,-8.6788,41.1553,-8.6788,41.1553
1944,-8.6788,41.1553,-8.6788,41.1553
1945,-8.6788,41.1553,-8.6788,41.1553
1946,-8.6788,41.1553,-8.6788,41.1553
1947,-8.6788,41.1553,-8.6788,41.1553
1948,-8.6788,41.1553,-8.6788,41.1553
1949,-8.6788,41.1553,-8.6788,41.1553
1950,-8.6788,41.1553,-8.6788,41.1553
1951,-8.6788,41.1553,-8.6788,41.1553
1952,-8.6788,41.1553,-8.6788,41.1553
1953,-8.6788,41.1553,-8.6788,41.1553
1954,-8.6788,41.1553,-8.6788,41.1553
1955,-8.6788,41.1553,-8.6788,41.1553
1956,-8.6788,41.1553,-8.6788,41.1553
1957,-8.6788,41.1553,-8.6788,41.1553
1958,-8.6788,41.1553,-8.6788,41.1553
1959,-8.6788,41.1553,-8.6788,41.1553
1960,-8.6788,41.1553,-8.6788,41.1553
1961,-8.6788,41.1553,-8.6788,41.1553
1962,-8.6788,41.1553,-8.6788,41.1553
1963,-8.6788,41.1553,-8.6788,41.1553
1964,-8.6788,41.1553,-8.6788,41.1553
1965,-8.6789,41.1553,-8.6789,41.1553
1966,-8.6789,41.1553,-8.6789,41.1553
1967,-8.6788,41.1553,-8.6788,41.1553
1968,-8.6789,41.1553,-8.6789,41.1553
1969,-8.6789,41.1553,-8.6789,41.1553
1970,-8.6789,41.1553,-8.6789,41.1553
1971,-8.6788,41.1553,-8.6788,41.1553
1972,-8.6788,41.1553,-8.6788,41.1553
1973,-8.6788,41.1553,-8.6788,41.1553
1974,-8.6789,41.1553,-8.6789,41.1553
1975,-8.6789,41.1553,-8.6789,41.1553
1976,-8.6789,41.1553,-8.6789,41.1553
1977,-8.6789,41.1553,-8.6789,41.1553
1978,-8.6789,41.1553,-8.6789,41.1553
1979,-8.6789,41.1553,-8.6789,41.1553
1980,-8.6788,41.1553,-8.6788,41.1553
1981,-8.6789,41.1553,-8.6789,41.1553
1982,-8.6789,41.1553,-8.6789,41.1553
1983,-8.6789,41.1553,-8.6789,41.1553
1984,-8.6788,41.1553,-8.6788,41.1553
1985,-8.6788,41.1554,-8.6788,41.1554
1986,-8.6788,41.1554,-8.6788,41.1554
1987,-8.6788,41.1554,-8.6788,41.1554
1988,-8.6788,41.1554,-8.6788,41.1554
1989,-8.6788,41.1554,-8.6788,41.1554
1990,-8.6791,41.1553,-8.6791,41.1553
1991,-8.6798,41.1550,-8.6798,41.1550
1992,-8.6798,41.1546,-8.6798,41.1546
1993,-8.6789,41.1534,-8.6789,41.1534
1994,-8.6780,41.1520,-8.6780,41.1520
1995,-8.6772,41.1509,-8.6772,41.1509
1996,-8.6761,41.1498,-8.6761,41.1498
1997,-8.6762,41.1505,-8.6762,41.1505
1998,-8.6763,41.1512,-8.6763,41.1512
1999,-8.6753,41.1518,-8.6753,41.1518
2000,-8.6744,41.1525,-8.6744,41.1525
2001,-8.6740,41.1539,-8.6740,41.1539
2002,-8.6731,41.1548,-8.6731,41.1548
2003,-8.6717,41.1555,-8.6717,41.1555
2004,-8.6700,41.1561,-8.6700,41.1561
2005,-8.6681,41.1568,-8.6681,41.1568
2006,-8.6661,41.1576,-8.6661,41.1576
2007,-8.6642,41.1584,-8.6642,41.1584
2008,-8.6622,41.1592,-8.6622,41.1592
2009,-8.6603,41.1599,-8.6603,41.1599
2010,-8.6583,41.1607,-8.6583,41.1607
2011,-8.6566,41.1616,-8.6566,41.1616
2012,-8.6556,41.1621,-8.6556,41.1621
2013,-8.6556,41.1621,-8.6556,41.1621
2014,-8.6556,41.1621,-8.6556,41.1621
2015,-8.6544,41.1621,-8.6544,41.1621
2016,-8.6523,41.1617,-8.6523,41.1617
2017,-8.6499,41.1613,-8.6499,41.1613
2018,-8.6475,41.1609,-8.6475,41.1609
2019,-8.6452,41.1606,-8.6452,41.1606
2020,-8.6436,41.1603,-8.6436,41.1603
2021,-8.6424,41.1601,-8.6424,41.1601
2022,-8.6424,41.1601,-8.6424,41.1601
2023,-8.6418,41.1600,-8.6418,41.1600
2024,-8.6416,41.1600,-8.6416,41.1600
2025,-8.6416,41.1600,-8.6416,41.1600
2026,-8.6416,41.1600,-8.6416,41.1600
2027,-8.6411,41.1604,-8.6411,41.1604
2028,-8.6395,41.1612,-8.6395,41.1612
2029,-8.6374,41.1619,-8.6374,41.1619
2030,-8.6356,41.1627,-8.6356,41.1627
2031,-8.6343,41.1633,-8.6343,41.1633
2032,-8.6333,41.1629,-8.6333,41.1629
2033,-8.6324,41.1621,-8.6324,41.1621
2034,-8.6308,41.1628,-8.6308,41.1628
2035,-8.6289,41.1636,-8.6289,41.1636
2036,-8.6276,41.1635,-8.6276,41.1635
2037,-8.6275,41.1635,-8.6275,41.1635
2038,-8.6259,41.1634,-8.6259,41.1634
2039,-8.6233,41.1631,-8.6233,41.1631
2040,-8.6206,41.1627,-8.6206,41.1627
2041,-8.6177,41.1625,-8.6177,41.1625
2042,-8.6167,41.1624,-8.6167,41.1624
2043,-8.6165,41.1624,-8.6165,41.1624
2044,-8.6152,41.1622,-8.6152,41.1622
2045,-8.6149,41.1621,-8.6149,41.1621
2046,-8.6149,41.1624,-8.6149,41.1624
2047,-8.6149,41.1625,-8.6149,41.1625
2048,-8.6150,41.1626,-8.6150,41.1626
2049,-8.6150,41.1627,-8.6150,41.1627
2050,-8.6150,41.1628,-8.6150,41.1628
2051,-8.6150,41.1627,-8.6150,41.1627
2052,-8.6149,41.1626,-8.6149,41.1626
2053,-8.6149,41.1626,-8.6149,41.1626
2054,-8.6149,41.1624,-8.6149,41.1624
2055,-8.6149,41.1624,-8.6149,41.1624
2056,-8.6149,41.1624,-8.6149,41.1624
2057,-8.6149,41.1624,-8.6149,41.1624
2058,-8.6150,41.1625,-8.6150,41.1625
2059,-8.6150,41.1625,-8.6150,41.1625
2060,-8.6150,41.1626,-8.6150,41.1626
2061,-8.6148,41.1624,-8.6148,41.1624
2062,-8.6145,41.1622,-8.6145,41.1622
2063,-8.6145,41.1621,-8.6145,41.1621
2064,-8.6141,41.1621,-8.6141,41.1621
2065,-8.6124,41.1619,-8.6124,41.1619
2066,-8.6104,41.1616,-8.6104,41.1616
2067,-8.6099,41.1616,-8.6099,41.1616
2068,-8.6098,41.1616,-8.6098,41.1616
2069,-8.6089,41.1613,-8.6089,41.1613
2070,-8.6071,41.1610,-8.6071,41.1610
2071,-8.6048,41.1605,-8.6048,41.1605
2072,-8.6025,41.1598,-8.6025,41.1598
2073,-8.6012,41.1595,-8.6012,41.1595
2074,-8.6012,41.1595,-8.6012,41.1595
2075,-8.6012,41.1595,-8.6012,41.1595
2076,-8.6007,41.1602,-8.6007,41.1602
2077,-8.6004,41.1611,-8.6004,41.1611
2078,-8.6003,41.1611,-8.6003,41.1611
2079,-8.6003,41.1611,-8.6003,41.1611
2080,-8.6002,41.1614,-8.6002,41.1614
2081,-8.5997,41.1626,-8.5997,41.1626
2082,-8.5991,41.1641,-8.5991,41.1641
2083,-8.5987,41.1652,-8.5987,41.1652
2084,-8.5986,41.1654,-8.5986,41.1654
2085,-8.5975,41.1662,-8.5975,41.1662
2086,-8.5970,41.1663,-8.5970,41.1663
2087,-8.5969,41.1664,-8.5969,41.1664
2088,-8.5969,41.1663,-8.5969,41.1663
2089,-8.5969,41.1664,-8.5969,41.1664
2090,-8.5969,41.1664,-8.5969,41.1664
2091,-8.5967,41.1663,-8.5967,41.1663
2092,-8.5958,41.1666,-8.5958,41.1666
